0 0.725 0.6779166666666667 0.0725 0.10250000000000001 
0 0.6871875000000001 0.9383333333333334 0.079375 0.09333333333333334 
0 0.435625 0.9237500000000001 0.08625000000000001 0.09416666666666668 
0 0.0684375 0.7108333333333334 0.08687500000000001 0.08666666666666667 
0 0.5334375 0.65625 0.080625 0.08916666666666667 
0 0.0640625 0.41625 0.074375 0.0825 
0 0.65625 0.615 0.0775 0.11 
0 0.7340625000000001 0.30291666666666667 0.075625 0.10250000000000001 
0 0.8975 0.28208333333333335 0.07 0.10916666666666668 
0 0.779375 0.11041666666666668 0.07125000000000001 0.0975 
0 0.455625 0.32708333333333334 0.08375 0.07583333333333334 
0 0.6203125 0.7058333333333334 0.075625 0.09166666666666667 
0 0.3484375 0.4366666666666667 0.085625 0.09333333333333334 
0 0.9365625 0.7479166666666667 0.109375 0.08583333333333334 
0 0.34218750000000003 0.16875 0.074375 0.1125 
0 0.774375 0.24416666666666667 0.07375 0.10333333333333335 
0 0.7312500000000001 0.21750000000000003 0.06 0.08833333333333333 
0 0.8975 0.95125 0.08 0.08750000000000001 
0 0.41250000000000003 0.2804166666666667 0.08375 0.05583333333333334 
0 0.4421875 0.43583333333333335 0.045625 0.11833333333333335 
0 0.373125 0.48375 0.10375000000000001 0.050833333333333335 
