0 0.6203125 0.09416666666666668 0.074375 0.10666666666666667 
0 0.720625 0.32708333333333334 0.07 0.09083333333333334 
0 0.5153125000000001 0.5658333333333334 0.080625 0.09333333333333334 
0 0.926875 0.36500000000000005 0.07875 0.09666666666666668 
0 0.8275 0.28 0.075 0.09333333333333334 
0 0.0503125 0.5962500000000001 0.073125 0.09083333333333334 
0 0.8996875 0.19125 0.076875 0.09583333333333334 
0 0.9621875 0.155 0.068125 0.09666666666666668 
0 0.1615625 0.8779166666666667 0.081875 0.10750000000000001 
0 0.45437500000000003 0.51375 0.07875 0.10083333333333334 
0 0.785 0.09250000000000001 0.06625 0.095 
0 0.754375 0.22916666666666669 0.065 0.10500000000000001 
0 0.3478125 0.9429166666666667 0.07062500000000001 0.10083333333333334 
0 0.361875 0.35833333333333334 0.0675 0.09833333333333334 
0 0.1546875 0.14750000000000002 0.075625 0.10500000000000001 
0 0.4059375 0.88375 0.080625 0.10416666666666667 
0 0.5675 0.8370833333333334 0.07375 0.08583333333333334 
0 0.2759375 0.5029166666666667 0.076875 0.09916666666666667 
0 0.263125 0.1625 0.0675 0.09000000000000001 
0 0.1675 0.3529166666666667 0.07125000000000001 0.10250000000000001 
0 0.0846875 0.17916666666666667 0.073125 0.10333333333333335 
0 0.7521875 0.78 0.075625 0.09166666666666667 
2 0.3190625 0.12000000000000001 0.099375 0.12333333333333334 
0 0.8309375 0.7175 0.07062500000000001 0.1 
0 0.94125 0.7375 0.085 0.10500000000000001 
0 0.8496875 0.6062500000000001 0.07062500000000001 0.10750000000000001 
0 0.84875 0.9420833333333334 0.07125000000000001 0.10583333333333333 
0 0.964375 0.5766666666666667 0.07 0.10333333333333335 
0 0.3875 0.81 0.06875 0.095 
0 0.44875 0.7395833333333334 0.06875 0.10750000000000001 
0 0.276875 0.32708333333333334 0.065 0.10750000000000001 
0 0.1153125 0.2379166666666667 0.078125 0.10083333333333334 
0 0.4675 0.9325000000000001 0.06125 0.09333333333333334 
0 0.0646875 0.8354166666666667 0.073125 0.10416666666666667 
0 0.18031250000000001 0.5204166666666667 0.07062500000000001 0.09250000000000001 
0 0.22375 0.38125000000000003 0.06875 0.09916666666666667 
0 0.5471875 0.4295833333333334 0.089375 0.10083333333333334 
0 0.17500000000000002 0.6366666666666667 0.0825 0.09833333333333334 
0 0.906875 0.45958333333333334 0.0775 0.11083333333333334 
0 0.10375000000000001 0.6987500000000001 0.075 0.10750000000000001 
0 0.3821875 0.7341666666666667 0.078125 0.11 
0 0.4821875 0.325 0.074375 0.11166666666666668 
0 0.49 0.9254166666666668 0.0575 0.09083333333333334 
0 0.30375 0.41708333333333336 0.0775 0.08083333333333334 
0 0.31625000000000003 0.225 0.08125 0.09000000000000001 
0 0.2253125 0.4341666666666667 0.07187500000000001 0.10333333333333335 
0 0.1296875 0.7295833333333334 0.078125 0.08750000000000001 
0 0.425 0.3804166666666667 0.06625 0.10916666666666668 
2 0.71 0.5295833333333334 0.10375000000000001 0.1325 
0 0.049375 0.5333333333333333 0.0625 0.08666666666666667 
0 0.74875 0.4945833333333334 0.05 0.10750000000000001 
0 0.4290625 0.41375 0.063125 0.10583333333333333 
0 0.93375 0.45958333333333334 0.07125000000000001 0.0975 
0 0.305 0.33083333333333337 0.06625 0.1 
0 0.4625 0.34750000000000003 0.06375 0.09166666666666667 
