0 0.5759375 0.17833333333333334 0.066875 0.09166666666666667 
0 0.7731250000000001 0.6595833333333334 0.08125 0.09583333333333334 
0 0.0971875 0.8475 0.07187500000000001 0.085 
0 0.42031250000000003 0.49833333333333335 0.088125 0.09833333333333334 
0 0.2021875 0.8720833333333334 0.085625 0.10083333333333334 
0 0.1171875 0.5575 0.076875 0.09166666666666667 
0 0.95375 0.4316666666666667 0.0775 0.10333333333333335 
0 0.41875 0.3766666666666667 0.06875 0.09000000000000001 
0 0.55 0.29208333333333336 0.07625 0.09583333333333334 
0 0.4890625 0.8441666666666667 0.079375 0.10833333333333334 
0 0.3496875 0.9175000000000001 0.080625 0.09833333333333334 
0 0.1790625 0.6895833333333333 0.073125 0.10250000000000001 
0 0.2890625 0.8116666666666668 0.088125 0.10666666666666667 
0 0.4128125 0.675 0.078125 0.09833333333333334 
0 0.063125 0.052083333333333336 0.07125000000000001 0.09083333333333334 
0 0.9528125000000001 0.545 0.07062500000000001 0.09333333333333334 
0 0.7578125 0.8300000000000001 0.078125 0.09000000000000001 
0 0.3271875 0.32333333333333336 0.078125 0.10833333333333334 
0 0.4484375 0.9404166666666667 0.073125 0.09416666666666668 
0 0.216875 0.17125 0.06875 0.09083333333333334 
0 0.900625 0.14500000000000002 0.08375 0.10500000000000001 
0 0.6303125 0.9020833333333333 0.080625 0.11083333333333334 
0 0.6878125 0.13458333333333333 0.081875 0.10416666666666667 
0 0.7828125 0.3225 0.07187500000000001 0.08833333333333333 
0 0.1084375 0.7520833333333334 0.081875 0.10750000000000001 
0 0.44906250000000003 0.2879166666666667 0.080625 0.10416666666666667 
0 0.94625 0.64875 0.07875 0.10250000000000001 
0 0.1546875 0.9508333333333334 0.07187500000000001 0.09666666666666668 
0 0.393125 0.5879166666666668 0.07625 0.08583333333333334 
0 0.3965625 0.24375000000000002 0.080625 0.09250000000000001 
0 0.32 0.60875 0.0725 0.09583333333333334 
0 0.14375000000000002 0.2829166666666667 0.07375 0.09083333333333334 
0 0.135 0.44375000000000003 0.07375 0.10250000000000001 
0 0.16375 0.5420833333333334 0.075 0.10083333333333334 
0 0.78 0.2316666666666667 0.08375 0.10166666666666667 
0 0.68875 0.4704166666666667 0.08375 0.09916666666666667 
0 0.515625 0.455 0.06 0.10666666666666667 
3 0.655 0.2941666666666667 0.09875 0.125 
0 0.8728125 0.2341666666666667 0.07187500000000001 0.095 
