0 0.3209375 0.1379166666666667 0.064375 0.08750000000000001 
0 0.524375 0.22458333333333336 0.065 0.08083333333333334 
0 0.6609375000000001 0.23208333333333334 0.065625 0.10416666666666667 
0 0.24 0.9008333333333334 0.0575 0.09833333333333334 
0 0.9359375 0.5516666666666667 0.068125 0.085 
0 0.6634375 0.8679166666666667 0.078125 0.10250000000000001 
0 0.1540625 0.3329166666666667 0.069375 0.09583333333333334 
0 0.5140625 0.8716666666666667 0.069375 0.08166666666666667 
0 0.3628125 0.26833333333333337 0.075625 0.09166666666666667 
0 0.5834375 0.31625000000000003 0.069375 0.09916666666666667 
0 0.1940625 0.17375000000000002 0.066875 0.09583333333333334 
0 0.374375 0.18833333333333335 0.07 0.08166666666666667 
0 0.724375 0.8008333333333334 0.07 0.095 
0 0.079375 0.52125 0.06875 0.10083333333333334 
0 0.29125 0.6858333333333334 0.07375 0.08 
0 0.5775 0.5283333333333333 0.06875 0.09666666666666668 
0 0.7853125 0.4379166666666667 0.07062500000000001 0.08916666666666667 
0 0.3390625 0.42875 0.061875 0.0975 
0 0.798125 0.7645833333333334 0.06625 0.08916666666666667 
0 0.8690625000000001 0.5104166666666667 0.066875 0.08750000000000001 
0 0.7156250000000001 0.3045833333333334 0.06625 0.0775 
0 0.4475 0.8529166666666668 0.06875 0.0975 
0 0.7665625 0.08875000000000001 0.066875 0.09250000000000001 
0 0.32937500000000003 0.6229166666666667 0.065 0.08916666666666667 
0 0.478125 0.34 0.0675 0.11 
0 0.9453125 0.7508333333333334 0.076875 0.09833333333333334 
0 0.1740625 0.7516666666666667 0.073125 0.08333333333333334 
0 0.581875 0.13958333333333334 0.075 0.10250000000000001 
0 0.791875 0.5979166666666667 0.0675 0.09083333333333334 
0 0.5543750000000001 0.6754166666666667 0.06 0.11416666666666668 
0 0.129375 0.1575 0.06875 0.11166666666666668 
0 0.1715625 0.8308333333333334 0.083125 0.10166666666666667 
0 0.203125 0.45 0.075 0.10500000000000001 
0 0.6715625000000001 0.4025 0.080625 0.095 
0 0.8840625 0.8620833333333334 0.060625 0.11416666666666668 
0 0.08375 0.8287500000000001 0.0775 0.07916666666666668 
0 0.32 0.9016666666666667 0.08 0.09000000000000001 
0 0.705 0.14791666666666667 0.065 0.09583333333333334 
0 0.6953125 0.5241666666666667 0.069375 0.11166666666666668 
0 0.9375 0.42625 0.075 0.07916666666666668 
0 0.70375 0.9445833333333334 0.0675 0.09583333333333334 
0 0.8356250000000001 0.8283333333333334 0.06125 0.11 
0 0.7271875 0.6362500000000001 0.079375 0.06916666666666667 
0 0.5034375 0.09250000000000001 0.053125 0.10500000000000001 
0 0.7121875 0.3754166666666667 0.073125 0.07250000000000001 
0 0.5962500000000001 0.6491666666666667 0.06375 0.11833333333333335 
0 0.379375 0.5445833333333334 0.0675 0.10083333333333334 
0 0.27968750000000003 0.44833333333333336 0.053125 0.08166666666666667 
0 0.4428125 0.09625 0.060625 0.1125 
0 0.24375 0.49541666666666667 0.075 0.10416666666666667 
0 0.754375 0.6937500000000001 0.0725 0.10416666666666667 
0 0.41500000000000004 0.77 0.0675 0.10166666666666667 
0 0.473125 0.7987500000000001 0.06875 0.08916666666666667 
0 0.4484375 0.5508333333333334 0.083125 0.1 
0 0.32125 0.5233333333333333 0.0725 0.10500000000000001 
0 0.6481250000000001 0.13416666666666668 0.06 0.08333333333333334 
0 0.4496875 0.2729166666666667 0.07062500000000001 0.10416666666666667 
0 0.0753125 0.3383333333333334 0.066875 0.10833333333333334 
0 0.6621875 0.05625 0.079375 0.08083333333333334 
0 0.569375 0.42125 0.08 0.10750000000000001 
0 0.145 0.09916666666666667 0.06625 0.11 
0 0.83125 0.11166666666666668 0.06125 0.11833333333333335 
0 0.3246875 0.044583333333333336 0.068125 0.08916666666666667 
0 0.86875 0.3175 0.06875 0.09333333333333334 
0 0.405 0.059583333333333335 0.04875 0.09583333333333334 
0 0.949375 0.8845833333333334 0.058750000000000004 0.10583333333333333 
0 0.801875 0.525 0.07 0.09000000000000001 
0 0.9243750000000001 0.9104166666666668 0.0625 0.1125 
0 0.1859375 0.26958333333333334 0.079375 0.10083333333333334 
0 0.7315625 0.4804166666666667 0.065625 0.10250000000000001 
0 0.7521875 0.26625000000000004 0.07187500000000001 0.09083333333333334 
0 0.636875 0.55625 0.06125 0.11750000000000001 
0 0.8925000000000001 0.12625 0.075 0.10083333333333334 
0 0.3521875 0.7933333333333333 0.07062500000000001 0.10833333333333334 
0 0.8315625 0.3229166666666667 0.046875 0.14416666666666667 
0 0.076875 0.09166666666666667 0.05625 0.13833333333333334 
0 0.2603125 0.3866666666666667 0.074375 0.095 
