0 0.4209375 0.535 0.076875 0.095 
0 0.33125 0.4154166666666667 0.05375 0.07916666666666668 
0 0.38125000000000003 0.24500000000000002 0.06375 0.10166666666666667 
0 0.22062500000000002 0.9004166666666668 0.07125000000000001 0.0975 
0 0.2503125 0.7045833333333333 0.054375 0.07916666666666668 
0 0.671875 0.7366666666666667 0.058750000000000004 0.07666666666666667 
0 0.6315625 0.19666666666666668 0.064375 0.08166666666666667 
0 0.9046875 0.14333333333333334 0.063125 0.08166666666666667 
0 0.6378125 0.50375 0.065625 0.08583333333333334 
0 0.5803125 0.7225 0.060625 0.085 
0 0.5615625 0.24125000000000002 0.069375 0.09250000000000001 
0 0.6953125 0.5995833333333334 0.065625 0.07416666666666667 
0 0.2021875 0.4054166666666667 0.066875 0.08750000000000001 
0 0.53 0.5629166666666667 0.0575 0.07916666666666668 
0 0.3603125 0.71125 0.063125 0.08416666666666667 
0 0.940625 0.8383333333333334 0.0725 0.08 
0 0.7928125 0.4945833333333334 0.061875 0.07916666666666668 
0 0.205625 0.7875000000000001 0.065 0.1 
1 0.66125 0.2804166666666667 0.08625000000000001 0.09583333333333334 
0 0.5928125 0.6479166666666667 0.064375 0.08083333333333334 
0 0.41875 0.6991666666666667 0.06875 0.07833333333333334 
0 0.86625 0.7420833333333334 0.06875 0.08916666666666667 
0 0.28625 0.19375 0.06125 0.07583333333333334 
0 0.1440625 0.14750000000000002 0.07062500000000001 0.09166666666666667 
0 0.1775 0.18583333333333335 0.07 0.08666666666666667 
0 0.43593750000000003 0.3179166666666667 0.054375 0.0825 
0 0.46625 0.13958333333333334 0.05625 0.08083333333333334 
0 0.901875 0.5475 0.058750000000000004 0.08 
0 0.41500000000000004 0.11208333333333334 0.051250000000000004 0.07416666666666667 
0 0.42875 0.6175 0.06375 0.08 
0 0.4940625 0.42875 0.058125 0.0775 
0 0.8303125 0.8729166666666667 0.053125 0.09250000000000001 
0 0.1478125 0.6329166666666667 0.059375000000000004 0.07916666666666668 
3 0.9153125 0.62375 0.094375 0.08916666666666667 
0 0.77625 0.32125000000000004 0.06125 0.07250000000000001 
0 0.21375 0.05583333333333334 0.05375 0.08333333333333334 
0 0.08687500000000001 0.27166666666666667 0.05375 0.07833333333333334 
0 0.72 0.43125 0.06625 0.07916666666666668 
0 0.094375 0.7579166666666667 0.0625 0.08083333333333334 
0 0.5146875 0.1375 0.054375 0.085 
0 0.71625 0.24750000000000003 0.0625 0.07166666666666667 
0 0.8671875 0.6625000000000001 0.064375 0.07166666666666667 
0 0.8271875 0.37625000000000003 0.066875 0.09416666666666668 
0 0.578125 0.8145833333333334 0.0675 0.06916666666666667 
0 0.29812500000000003 0.8479166666666668 0.058750000000000004 0.08083333333333334 
0 0.781875 0.7158333333333334 0.055 0.07333333333333333 
0 0.2946875 0.4741666666666667 0.065625 0.07666666666666667 
0 0.5903125 0.1125 0.053125 0.08 
0 0.57625 0.39125000000000004 0.06375 0.06916666666666667 
0 0.5146875 0.06791666666666667 0.065625 0.07416666666666667 
0 0.0428125 0.15083333333333335 0.055625 0.10500000000000001 
0 0.9503125 0.5333333333333333 0.068125 0.07666666666666667 
0 0.4628125 0.75875 0.084375 0.07250000000000001 
0 0.6950000000000001 0.5241666666666667 0.05625 0.07166666666666667 
0 0.5475 0.4904166666666667 0.06875 0.06583333333333334 
0 0.8300000000000001 0.7929166666666667 0.07125000000000001 0.07250000000000001 
0 0.195625 0.24833333333333335 0.0575 0.07333333333333333 
0 0.145625 0.775 0.06125 0.08833333333333333 
1 0.5028125 0.2566666666666667 0.075625 0.12166666666666667 
0 0.083125 0.40166666666666667 0.065 0.095 
0 0.4684375 0.8995833333333334 0.051875000000000004 0.07250000000000001 
0 0.350625 0.8445833333333334 0.06125 0.08416666666666667 
0 0.203125 0.48250000000000004 0.06 0.06833333333333334 
0 0.91125 0.43583333333333335 0.065 0.08 
0 0.33187500000000003 0.5254166666666668 0.065 0.0775 
1 0.0678125 0.93625 0.074375 0.0975 
0 0.15625 0.5008333333333334 0.055 0.07 
0 0.790625 0.8862500000000001 0.05375 0.08083333333333334 
0 0.17500000000000002 0.5658333333333334 0.05375 0.06666666666666667 
0 0.6950000000000001 0.8283333333333334 0.05625 0.06833333333333334 
0 0.3690625 0.6279166666666667 0.061875 0.07250000000000001 
0 0.7156250000000001 0.7633333333333334 0.05625 0.07666666666666667 
0 0.65 0.35833333333333334 0.04625 0.06833333333333334 
0 0.2634375 0.27 0.075625 0.07 
0 0.035312500000000004 0.09791666666666668 0.063125 0.0775 
0 0.1403125 0.43625 0.060625 0.0775 
1 0.5571875000000001 0.07250000000000001 0.076875 0.11 
0 0.75875 0.29833333333333334 0.07125000000000001 0.08 
0 0.743125 0.5054166666666667 0.07625 0.060833333333333336 
0 0.873125 0.4229166666666667 0.0575 0.0675 
0 0.598125 0.9400000000000001 0.0725 0.07 
0 0.41625 0.8966666666666667 0.055 0.07 
0 0.036875 0.6325000000000001 0.0525 0.09000000000000001 
0 0.030625 0.35208333333333336 0.06 0.08416666666666667 
0 0.7365625 0.8241666666666667 0.066875 0.07166666666666667 
0 0.94375 0.9645833333333333 0.065 0.07083333333333333 
0 0.295625 0.9695833333333334 0.05375 0.060833333333333336 
0 0.8621875 0.02875 0.058125 0.0575 
