0 0.570625 0.52875 0.06 0.09083333333333334 
0 0.1940625 0.8629166666666668 0.074375 0.09583333333333334 
0 0.56125 0.44083333333333335 0.05625 0.09000000000000001 
0 0.0603125 0.9083333333333334 0.049375 0.060000000000000005 
0 0.4425 0.9358333333333334 0.06625 0.09166666666666667 
0 0.8668750000000001 0.83625 0.08 0.08750000000000001 
0 0.3896875 0.6591666666666667 0.073125 0.09166666666666667 
0 0.51 0.6791666666666667 0.0675 0.10500000000000001 
0 0.8678125 0.3616666666666667 0.073125 0.1 
0 0.34 0.47000000000000003 0.065 0.08166666666666667 
0 0.9465625 0.4541666666666667 0.07187500000000001 0.08666666666666667 
0 0.11375 0.10541666666666667 0.06875 0.08416666666666667 
0 0.544375 0.07375000000000001 0.07 0.08083333333333334 
0 0.5090625 0.8066666666666668 0.063125 0.09166666666666667 
3 0.6678125 0.6933333333333334 0.076875 0.09833333333333334 
0 0.7203125 0.7412500000000001 0.059375000000000004 0.0775 
0 0.45406250000000004 0.7050000000000001 0.068125 0.09000000000000001 
0 0.3459375 0.8466666666666667 0.07187500000000001 0.09166666666666667 
0 0.7346875 0.53 0.069375 0.08 
0 0.8696875000000001 0.2004166666666667 0.07187500000000001 0.09416666666666668 
0 0.3178125 0.9433333333333334 0.063125 0.07166666666666667 
0 0.4484375 0.33875 0.066875 0.08750000000000001 
0 0.2084375 0.3541666666666667 0.059375000000000004 0.08166666666666667 
0 0.2915625 0.59875 0.059375000000000004 0.07916666666666668 
0 0.651875 0.9025000000000001 0.065 0.08333333333333334 
0 0.268125 0.20791666666666667 0.07125000000000001 0.07416666666666667 
0 0.8059375 0.8962500000000001 0.061875 0.08083333333333334 
0 0.4159375 0.085 0.061875 0.07833333333333334 
0 0.9475 0.2225 0.0775 0.09666666666666668 
0 0.4659375 0.48500000000000004 0.073125 0.10333333333333335 
0 0.63375 0.4929166666666667 0.06875 0.09583333333333334 
0 0.3859375 0.38833333333333336 0.058125 0.07833333333333334 
0 0.3315625 0.155 0.061875 0.07666666666666667 
0 0.6740625 0.18875 0.059375000000000004 0.07583333333333334 
0 0.42125 0.2566666666666667 0.0525 0.07500000000000001 
0 0.268125 0.07541666666666667 0.06875 0.06583333333333334 
0 0.383125 0.925 0.058750000000000004 0.07833333333333334 
0 0.10125 0.18375000000000002 0.06375 0.0825 
0 0.7115625 0.6320833333333333 0.07062500000000001 0.10916666666666668 
0 0.7778125 0.6050000000000001 0.055625 0.08166666666666667 
0 0.7340625000000001 0.3504166666666667 0.061875 0.0775 
0 0.21125 0.6954166666666667 0.07375 0.07583333333333334 
0 0.514375 0.5670833333333334 0.065 0.07583333333333334 
1 0.099375 0.6229166666666667 0.07875 0.11083333333333334 
0 0.7609375 0.18416666666666667 0.069375 0.095 
0 0.961875 0.34625 0.058750000000000004 0.07250000000000001 
0 0.795 0.2575 0.07 0.09333333333333334 
0 0.0346875 0.8504166666666667 0.046875 0.08083333333333334 
0 0.06281250000000001 0.17500000000000002 0.049375 0.08666666666666667 
0 0.125 0.7125 0.06125 0.08166666666666667 
0 0.7503125 0.20083333333333334 0.065625 0.08 
0 0.863125 0.29750000000000004 0.058750000000000004 0.08166666666666667 
0 0.17500000000000002 0.3070833333333334 0.0575 0.07416666666666667 
0 0.374375 0.5720833333333334 0.05625 0.07250000000000001 
0 0.404375 0.3241666666666667 0.05 0.07 
0 0.37375 0.1125 0.0575 0.09333333333333334 
0 0.7178125 0.4466666666666667 0.073125 0.09000000000000001 
0 0.7321875 0.2808333333333333 0.054375 0.06666666666666667 
0 0.7659375 0.6995833333333333 0.046875 0.06583333333333334 
0 0.1365625 0.5116666666666667 0.054375 0.07833333333333334 
0 0.9121875 0.058750000000000004 0.065625 0.07083333333333333 
0 0.034375 0.24291666666666667 0.06875 0.08750000000000001 
0 0.6696875 0.3125 0.059375000000000004 0.07166666666666667 
0 0.36875 0.26375000000000004 0.0725 0.08916666666666667 
0 0.36375 0.7295833333333334 0.0575 0.07083333333333333 
0 0.6725 0.5583333333333333 0.055 0.08666666666666667 
1 0.063125 0.48375 0.0775 0.09416666666666668 
0 0.0246875 0.43083333333333335 0.049375 0.06833333333333334 
0 0.9496875 0.8883333333333334 0.058125 0.055 
0 0.085625 0.37375 0.0525 0.06416666666666668 
0 0.1084375 0.4354166666666667 0.049375 0.05916666666666667 
0 0.29812500000000003 0.76875 0.05 0.07916666666666668 
0 0.3040625 0.7145833333333333 0.058125 0.06583333333333334 
0 0.325625 0.6658333333333334 0.051250000000000004 0.058333333333333334 
0 0.4278125 0.5525 0.048125 0.06666666666666667 
0 0.1665625 0.455 0.058125 0.05666666666666667 
0 0.175625 0.3954166666666667 0.045 0.0775 
0 0.13593750000000002 0.36458333333333337 0.050625 0.06416666666666668 
0 0.1565625 0.6504166666666668 0.055625 0.09250000000000001 
0 0.34500000000000003 0.24541666666666667 0.055 0.060833333333333336 
0 0.5425 0.2066666666666667 0.04875 0.07333333333333333 
0 0.9475 0.0475 0.065 0.08333333333333334 
