0 0.100625 0.23875000000000002 0.058750000000000004 0.08083333333333334 
0 0.1340625 0.62 0.065625 0.08333333333333334 
0 0.7040625 0.9254166666666668 0.064375 0.08750000000000001 
0 0.043750000000000004 0.6329166666666667 0.07125000000000001 0.09916666666666667 
0 0.0584375 0.08125 0.07062500000000001 0.09416666666666668 
0 0.18156250000000002 0.7775000000000001 0.07187500000000001 0.08833333333333333 
0 0.6628125 0.6725000000000001 0.075625 0.09000000000000001 
0 0.2171875 0.9104166666666668 0.080625 0.10416666666666667 
0 0.15125 0.7095833333333333 0.08 0.09250000000000001 
0 0.2225 0.59375 0.07 0.10083333333333334 
0 0.3459375 0.9433333333333334 0.07187500000000001 0.09833333333333334 
0 0.43093750000000003 0.69125 0.083125 0.10250000000000001 
0 0.26156250000000003 0.5133333333333334 0.069375 0.1 
0 0.5434375 0.19166666666666668 0.084375 0.115 
2 0.543125 0.45083333333333336 0.10625 0.12000000000000001 
0 0.0571875 0.5045833333333334 0.083125 0.10750000000000001 
