0 0.89 0.7741666666666667 0.06375 0.08333333333333334 
0 0.4090625 0.7833333333333334 0.063125 0.08666666666666667 
0 0.4784375 0.4504166666666667 0.061875 0.07916666666666668 
0 0.4865625 0.13541666666666669 0.066875 0.08750000000000001 
0 0.22187500000000002 0.5883333333333334 0.07125000000000001 0.1 
0 0.433125 0.3741666666666667 0.06625 0.08166666666666667 
0 0.825625 0.7250000000000001 0.0725 0.09166666666666667 
0 0.108125 0.8300000000000001 0.07375 0.10166666666666667 
0 0.9103125 0.58125 0.069375 0.09583333333333334 
0 0.07375 0.24541666666666667 0.06875 0.09083333333333334 
0 0.9409375 0.37875000000000003 0.060625 0.07583333333333334 
0 0.1696875 0.51375 0.061875 0.0825 
0 0.713125 0.48833333333333334 0.06375 0.10333333333333335 
0 0.33125 0.8370833333333334 0.0725 0.08916666666666667 
0 0.6775 0.8529166666666668 0.058750000000000004 0.08083333333333334 
0 0.46 0.8620833333333334 0.07 0.09916666666666667 
0 0.846875 0.8575 0.07625 0.09333333333333334 
0 0.9096875 0.4691666666666667 0.059375000000000004 0.08833333333333333 
0 0.2853125 0.7483333333333334 0.064375 0.07666666666666667 
0 0.748125 0.9404166666666667 0.06125 0.08916666666666667 
0 0.9375 0.8425 0.0775 0.07333333333333333 
0 0.800625 0.28583333333333333 0.06625 0.07333333333333333 
0 0.1003125 0.4591666666666667 0.065625 0.085 
0 0.9343750000000001 0.2654166666666667 0.06125 0.07916666666666668 
0 0.8425 0.19583333333333336 0.0725 0.09333333333333334 
0 0.7503125 0.16166666666666668 0.075625 0.09833333333333334 
0 0.5121875 0.58125 0.066875 0.08750000000000001 
0 0.12687500000000002 0.35125 0.085 0.1125 
0 0.4221875 0.47875 0.073125 0.10083333333333334 
0 0.8096875 0.38833333333333336 0.069375 0.10166666666666667 
0 0.04125 0.7625000000000001 0.0725 0.07500000000000001 
0 0.7671875 0.8191666666666667 0.064375 0.08333333333333334 
0 0.793125 0.5950000000000001 0.07125000000000001 0.10500000000000001 
0 0.8771875 0.31583333333333335 0.054375 0.06833333333333334 
0 0.83625 0.49833333333333335 0.07625 0.09333333333333334 
0 0.7368750000000001 0.21958333333333335 0.0725 0.0975 
0 0.9546875 0.07041666666666667 0.055625 0.0775 
0 0.066875 0.6395833333333334 0.065 0.08083333333333334 
0 0.964375 0.17958333333333334 0.06375 0.0825 
0 0.2753125 0.8404166666666667 0.066875 0.08416666666666667 
0 0.5903125 0.4420833333333334 0.076875 0.09583333333333334 
0 0.429375 0.21125000000000002 0.06875 0.08750000000000001 
0 0.4 0.17666666666666667 0.0675 0.1 
0 0.7515625 0.7191666666666667 0.045625 0.08166666666666667 
0 0.7315625 0.05583333333333334 0.063125 0.08333333333333334 
0 0.5671875000000001 0.8604166666666667 0.063125 0.08583333333333334 
0 0.774375 0.41500000000000004 0.0775 0.09666666666666668 
0 0.7946875 0.525 0.081875 0.10500000000000001 
0 0.0390625 0.07500000000000001 0.078125 0.1 
0 0.3159375 0.5608333333333334 0.066875 0.07 
0 0.6228125 0.6804166666666667 0.07062500000000001 0.09083333333333334 
0 0.6796875 0.5875 0.07062500000000001 0.06833333333333334 
0 0.6403125000000001 0.4929166666666667 0.076875 0.08416666666666667 
0 0.9234375 0.09583333333333334 0.079375 0.08833333333333333 
0 0.6484375 0.4154166666666667 0.074375 0.060833333333333336 
0 0.6928125 0.7304166666666667 0.045625 0.0775 
0 0.6353125000000001 0.5741666666666667 0.079375 0.07833333333333334 
0 0.525625 0.9500000000000001 0.07875 0.095 
0 0.2 0.1716666666666667 0.07625 0.07500000000000001 
0 0.765 0.06541666666666666 0.07 0.07416666666666667 
0 0.4259375 0.615 0.065625 0.08 
0 0.38406250000000003 0.5970833333333334 0.063125 0.10083333333333334 
0 0.645 0.34625 0.06625 0.06916666666666667 
0 0.5750000000000001 0.7462500000000001 0.0825 0.09416666666666668 
0 0.6325000000000001 0.7483333333333334 0.06 0.09166666666666667 
0 0.1640625 0.19416666666666668 0.076875 0.09166666666666667 
3 0.3928125 0.29333333333333333 0.079375 0.11833333333333335 
3 0.4590625 0.6937500000000001 0.10187500000000001 0.08916666666666667 
0 0.2240625 0.9433333333333334 0.07062500000000001 0.09666666666666668 
0 0.5034375 0.6104166666666667 0.058125 0.07416666666666667 
0 0.6843750000000001 0.6845833333333334 0.06 0.08583333333333334 
0 0.5378125 0.8433333333333334 0.066875 0.08 
0 0.950625 0.35833333333333334 0.05 0.06833333333333334 
