0 0.7309375 0.06708333333333334 0.061875 0.08416666666666667 
0 0.36 0.6704166666666667 0.06375 0.09250000000000001 
0 0.24 0.5679166666666667 0.0625 0.08583333333333334 
0 0.11875000000000001 0.885 0.08 0.1 
0 0.321875 0.43500000000000005 0.05375 0.08166666666666667 
0 0.2934375 0.8404166666666667 0.07187500000000001 0.10250000000000001 
0 0.85375 0.3225 0.06875 0.09666666666666668 
0 0.7559375 0.7150000000000001 0.064375 0.09166666666666667 
0 0.5471875 0.20125 0.07187500000000001 0.0975 
0 0.175625 0.6533333333333333 0.06625 0.08833333333333333 
0 0.816875 0.05583333333333334 0.08 0.09666666666666668 
0 0.93 0.5491666666666667 0.06625 0.1 
0 0.3603125 0.9483333333333334 0.068125 0.09333333333333334 
0 0.6921875000000001 0.7920833333333334 0.065625 0.08416666666666667 
0 0.535625 0.8154166666666667 0.07 0.09916666666666667 
0 0.7890625 0.13291666666666668 0.069375 0.09250000000000001 
0 0.2528125 0.11833333333333335 0.065625 0.09166666666666667 
0 0.7228125 0.9070833333333334 0.073125 0.09583333333333334 
0 0.115 0.7975000000000001 0.0775 0.08666666666666667 
0 0.09593750000000001 0.16875 0.063125 0.08083333333333334 
0 0.0646875 0.06458333333333334 0.073125 0.09250000000000001 
3 0.264375 0.2404166666666667 0.08125 0.10916666666666668 
0 0.4925 0.27083333333333337 0.065 0.09166666666666667 
0 0.9550000000000001 0.7662500000000001 0.08 0.10916666666666668 
0 0.9640625 0.4808333333333334 0.054375 0.08833333333333333 
0 0.355625 0.11750000000000001 0.06375 0.10666666666666667 
0 0.615 0.14 0.058750000000000004 0.09000000000000001 
0 0.5571875000000001 0.74375 0.08687500000000001 0.0825 
0 0.42031250000000003 0.16 0.07187500000000001 0.10166666666666667 
0 0.1428125 0.37083333333333335 0.069375 0.09166666666666667 
0 0.15375 0.3129166666666667 0.075 0.0825 
0 0.4915625 0.6229166666666667 0.055625 0.09916666666666667 
0 0.8128125 0.49750000000000005 0.056875 0.07500000000000001 
0 0.533125 0.6104166666666667 0.058750000000000004 0.0825 
0 0.811875 0.4216666666666667 0.0675 0.095 
0 0.4753125 0.1991666666666667 0.065625 0.07833333333333334 
0 0.20500000000000002 0.4945833333333334 0.05 0.07083333333333333 
0 0.973125 0.30583333333333335 0.05375 0.1 
