0 0.1428125 0.24166666666666667 0.060625 0.07833333333333334 
0 0.3115625 0.34958333333333336 0.063125 0.08750000000000001 
0 0.765 0.4429166666666667 0.07375 0.09583333333333334 
0 0.3984375 0.3716666666666667 0.075625 0.08666666666666667 
0 0.50375 0.6875 0.06625 0.095 
0 0.561875 0.8495833333333334 0.08375 0.0975 
0 0.7934375 0.8695833333333334 0.058125 0.07083333333333333 
0 0.0615625 0.32583333333333336 0.059375000000000004 0.08666666666666667 
0 0.29625 0.6020833333333334 0.06875 0.09083333333333334 
0 0.211875 0.5800000000000001 0.06 0.07833333333333334 
0 0.38625 0.7308333333333333 0.07 0.085 
0 0.8971875 0.7925000000000001 0.055625 0.09166666666666667 
0 0.17875 0.4866666666666667 0.0625 0.08166666666666667 
0 0.8184375 0.9633333333333334 0.061875 0.07333333333333333 
0 0.7934375 0.06166666666666667 0.073125 0.10500000000000001 
4 0.115 0.53125 0.08125 0.1125 
0 0.47781250000000003 0.9400000000000001 0.056875 0.07666666666666667 
0 0.2396875 0.94125 0.061875 0.07083333333333333 
0 0.9115625 0.7100000000000001 0.07187500000000001 0.08666666666666667 
3 0.8890625 0.5225000000000001 0.079375 0.10333333333333335 
0 0.364375 0.060000000000000005 0.07875 0.09166666666666667 
0 0.9190625 0.41000000000000003 0.064375 0.08333333333333334 
0 0.1153125 0.05708333333333334 0.061875 0.0775 
0 0.0825 0.43333333333333335 0.06125 0.08 
0 0.3959375 0.6458333333333334 0.066875 0.08666666666666667 
0 0.81375 0.7554166666666667 0.07125000000000001 0.08750000000000001 
0 0.7368750000000001 0.9291666666666667 0.06125 0.095 
0 0.8884375 0.1125 0.069375 0.085 
0 0.8553125 0.46375000000000005 0.066875 0.08583333333333334 
0 0.4915625 0.21583333333333335 0.056875 0.07333333333333333 
0 0.8771875 0.18375000000000002 0.063125 0.07916666666666668 
1 0.37343750000000003 0.5575 0.081875 0.10166666666666667 
0 0.39375 0.1391666666666667 0.0625 0.065 
0 0.5053125 0.06833333333333334 0.083125 0.09833333333333334 
0 0.035937500000000004 0.20583333333333334 0.063125 0.08 
0 0.7875 0.6966666666666667 0.05625 0.06833333333333334 
0 0.30843750000000003 0.885 0.063125 0.07333333333333333 
0 0.2565625 0.7854166666666668 0.058125 0.08750000000000001 
0 0.63875 0.21875000000000003 0.0675 0.07916666666666668 
1 0.11375 0.8220833333333334 0.06875 0.11583333333333334 
0 0.473125 0.3441666666666667 0.07125000000000001 0.085 
0 0.066875 0.6033333333333334 0.06 0.08333333333333334 
0 0.0440625 0.8170833333333334 0.07187500000000001 0.10416666666666667 
0 0.344375 0.675 0.06 0.08333333333333334 
0 0.439375 0.5525 0.06125 0.08166666666666667 
0 0.444375 0.7395833333333334 0.06 0.07250000000000001 
0 0.6109375 0.13 0.056875 0.07833333333333334 
0 0.7490625 0.6716666666666667 0.060625 0.06833333333333334 
0 0.2315625 0.85875 0.051875000000000004 0.0775 
0 0.17875 0.9400000000000001 0.07375 0.08166666666666667 
0 0.1853125 0.6745833333333334 0.050625 0.07250000000000001 
0 0.8465625 0.3775 0.07062500000000001 0.085 
0 0.6740625 0.35333333333333333 0.064375 0.07500000000000001 
0 0.915625 0.9683333333333334 0.05625 0.06333333333333334 
0 0.5465625000000001 0.24666666666666667 0.049375 0.06666666666666667 
0 0.6559375000000001 0.5745833333333333 0.066875 0.07083333333333333 
0 0.0753125 0.15208333333333335 0.068125 0.07916666666666668 
0 0.0740625 0.92625 0.051875000000000004 0.0775 
0 0.7515625 0.5979166666666667 0.061875 0.07416666666666667 
0 0.49343750000000003 0.40375000000000005 0.064375 0.07416666666666667 
0 0.7103125 0.6133333333333334 0.055625 0.07166666666666667 
0 0.5453125 0.49500000000000005 0.065625 0.07500000000000001 
0 0.41875 0.2966666666666667 0.0575 0.07333333333333333 
0 0.8396875 0.8270833333333334 0.065625 0.0775 
0 0.1715625 0.04 0.059375000000000004 0.08 
0 0.20500000000000002 0.7583333333333334 0.06375 0.09333333333333334 
0 0.4553125 0.46125000000000005 0.053125 0.07416666666666667 
0 0.9078125 0.8700000000000001 0.058125 0.07 
0 0.7831250000000001 0.16375 0.06625 0.08416666666666667 
0 0.23375 0.6645833333333334 0.05375 0.0825 
0 0.14625 0.7416666666666667 0.07125000000000001 0.09166666666666667 
0 0.45375 0.27208333333333334 0.05 0.06916666666666667 
0 0.7834375 0.7966666666666667 0.064375 0.07 
1 0.78625 0.25833333333333336 0.09625 0.1716666666666667 
0 0.140625 0.8975000000000001 0.0525 0.06833333333333334 
0 0.043125000000000004 0.58375 0.07125000000000001 0.07916666666666668 
0 0.113125 0.38375000000000004 0.05375 0.0575 
