0 0.390625 0.7683333333333334 0.06375 0.08 
0 0.7865625 0.84125 0.07187500000000001 0.09083333333333334 
0 0.318125 0.315 0.0625 0.08666666666666667 
0 0.3878125 0.23583333333333334 0.07187500000000001 0.09333333333333334 
0 0.530625 0.5808333333333334 0.058750000000000004 0.07833333333333334 
0 0.7534375 0.42500000000000004 0.073125 0.095 
0 0.670625 0.12666666666666668 0.058750000000000004 0.08666666666666667 
0 0.965 0.6758333333333334 0.06 0.08166666666666667 
0 0.61375 0.2025 0.07625 0.09166666666666667 
0 0.3203125 0.8145833333333334 0.061875 0.0825 
0 0.8796875000000001 0.5375000000000001 0.066875 0.085 
0 0.350625 0.685 0.07125000000000001 0.09666666666666668 
0 0.3121875 0.5045833333333334 0.074375 0.0825 
0 0.74125 0.1991666666666667 0.07375 0.08833333333333333 
0 0.7975 0.6620833333333334 0.06625 0.08416666666666667 
0 0.41375 0.5270833333333333 0.06375 0.08416666666666667 
0 0.23375 0.18916666666666668 0.0775 0.085 
1 0.56625 0.41750000000000004 0.07125000000000001 0.11833333333333335 
0 0.926875 0.7816666666666667 0.07625 0.09333333333333334 
0 0.141875 0.9004166666666668 0.06375 0.09083333333333334 
0 0.7009375 0.8020833333333334 0.07062500000000001 0.0975 
0 0.0921875 0.0475 0.060625 0.08 
0 0.0996875 0.7366666666666667 0.056875 0.08 
0 0.18031250000000001 0.12958333333333333 0.059375000000000004 0.09916666666666667 
0 0.9453125 0.11375 0.058125 0.08416666666666667 
0 0.05 0.39208333333333334 0.06125 0.09083333333333334 
0 0.434375 0.4554166666666667 0.051250000000000004 0.07250000000000001 
0 0.695625 0.34208333333333335 0.07125000000000001 0.08583333333333334 
0 0.7609375 0.32833333333333337 0.073125 0.09166666666666667 
0 0.6021875 0.7341666666666667 0.038125 0.07333333333333333 
0 0.803125 0.20083333333333334 0.055 0.07833333333333334 
0 0.343125 0.055 0.0725 0.08833333333333333 
0 0.22187500000000002 0.07458333333333333 0.06375 0.08083333333333334 
0 0.4821875 0.9370833333333334 0.065625 0.08916666666666667 
0 0.55875 0.7379166666666667 0.04625 0.0825 
0 0.39187500000000003 0.39083333333333337 0.0675 0.08666666666666667 
0 0.9656250000000001 0.22583333333333336 0.0675 0.09666666666666668 
0 0.576875 0.7250000000000001 0.05375 0.085 
0 0.5640625 0.5204166666666667 0.056875 0.07250000000000001 
0 0.5590625 0.11208333333333334 0.054375 0.1125 
0 0.2421875 0.7779166666666667 0.058125 0.0775 
0 0.1046875 0.9416666666666668 0.061875 0.09166666666666667 
0 0.6909375 0.9116666666666667 0.058125 0.07666666666666667 
0 0.9640625 0.43375 0.049375 0.08583333333333334 
0 0.2396875 0.35625 0.07187500000000001 0.10750000000000001 
0 0.135625 0.7870833333333334 0.06625 0.0975 
0 0.0540625 0.93625 0.061875 0.08083333333333334 
0 0.11375 0.20208333333333334 0.065 0.08083333333333334 
0 0.1978125 0.8425 0.061875 0.07666666666666667 
0 0.304375 0.5695833333333333 0.06 0.07416666666666667 
0 0.874375 0.32458333333333333 0.0525 0.07083333333333333 
0 0.7109375 0.5304166666666666 0.059375000000000004 0.0675 
0 0.3190625 0.12208333333333334 0.050625 0.0775 
0 0.8915625 0.7254166666666667 0.060625 0.07083333333333333 
0 0.856875 0.9525 0.0575 0.07 
0 0.185625 0.2758333333333334 0.07125000000000001 0.08333333333333334 
0 0.2334375 0.5258333333333334 0.068125 0.07666666666666667 
0 0.0853125 0.6170833333333334 0.098125 0.07916666666666668 
0 0.336875 0.18208333333333335 0.0725 0.0675 
0 0.595625 0.9120833333333334 0.0625 0.0825 
0 0.06875 0.8808333333333334 0.05375 0.07333333333333333 
0 0.5178125 0.8145833333333334 0.060625 0.08083333333333334 
0 0.6046875 0.6620833333333334 0.051875000000000004 0.06916666666666667 
0 0.27 0.62875 0.058750000000000004 0.06916666666666667 
0 0.46218750000000003 0.5491666666666667 0.056875 0.08333333333333334 
0 0.4440625 0.36833333333333335 0.053125 0.07333333333333333 
0 0.10375000000000001 0.28625 0.0525 0.08416666666666667 
0 0.25125000000000003 0.58125 0.05375 0.08083333333333334 
0 0.46625 0.6820833333333334 0.06875 0.0825 
0 0.88625 0.1925 0.06625 0.08833333333333333 
0 0.03375 0.8083333333333333 0.0575 0.08166666666666667 
0 0.5159375 0.27458333333333335 0.055625 0.0675 
0 0.801875 0.7675000000000001 0.058750000000000004 0.058333333333333334 
0 0.61875 0.8270833333333334 0.0575 0.09916666666666667 
0 0.4475 0.8816666666666667 0.06 0.06666666666666667 
0 0.370625 0.4625 0.065 0.08166666666666667 
0 0.3075 0.6737500000000001 0.05375 0.07583333333333334 
0 0.8875000000000001 0.4683333333333334 0.0575 0.06833333333333334 
0 0.645625 0.8683333333333334 0.0525 0.07 
0 0.443125 0.29583333333333334 0.0525 0.07 
0 0.8728125 0.6341666666666667 0.053125 0.07166666666666667 
0 0.42281250000000004 0.9195833333333334 0.049375 0.07083333333333333 
0 0.888125 0.24083333333333334 0.0725 0.08166666666666667 
0 0.1271875 0.14125000000000001 0.054375 0.0675 
0 0.135 0.14166666666666666 0.05375 0.07500000000000001 
0 0.3753125 0.8791666666666668 0.059375000000000004 0.09000000000000001 
0 0.08125 0.37375 0.06375 0.05916666666666667 
0 0.14125000000000001 0.45625000000000004 0.058750000000000004 0.05916666666666667 
0 0.1853125 0.5020833333333333 0.059375000000000004 0.07916666666666668 
0 0.1665625 0.5454166666666667 0.056875 0.08416666666666667 
0 0.1915625 0.5841666666666667 0.058125 0.09333333333333334 
0 0.6459375 0.7250000000000001 0.063125 0.08 
0 0.473125 0.36291666666666667 0.058750000000000004 0.07416666666666667 
0 0.48125 0.4341666666666667 0.05375 0.07 
0 0.8184375 0.44083333333333335 0.050625 0.07166666666666667 
0 0.8528125 0.17500000000000002 0.058125 0.095 
0 0.9187500000000001 0.16041666666666668 0.0925 0.0775 
0 0.911875 0.28750000000000003 0.0525 0.07 
0 0.9346875 0.4316666666666667 0.058125 0.07500000000000001 
0 0.7346875 0.5404166666666667 0.063125 0.08750000000000001 
0 0.7553125 0.6054166666666667 0.056875 0.07916666666666668 
0 0.48781250000000004 0.21625000000000003 0.059375000000000004 0.08750000000000001 
0 0.670625 0.48125 0.04625 0.07416666666666667 
0 0.5940625 0.37375 0.043125000000000004 0.08416666666666667 
0 0.7884375 0.57125 0.044375 0.10750000000000001 
0 0.64 0.7741666666666667 0.05375 0.07500000000000001 
0 0.4653125 0.8179166666666667 0.061875 0.08083333333333334 
0 0.55125 0.8795833333333334 0.05625 0.08583333333333334 
0 0.3990625 0.6054166666666667 0.059375000000000004 0.07916666666666668 
0 0.450625 0.6162500000000001 0.13125 0.05416666666666667 
0 0.15031250000000002 0.7058333333333334 0.059375000000000004 0.09333333333333334 
0 0.0334375 0.29958333333333337 0.064375 0.07916666666666668 
0 0.07 0.03833333333333334 0.065 0.07 
0 0.0309375 0.04125 0.059375000000000004 0.07583333333333334 
0 0.26875 0.2679166666666667 0.058750000000000004 0.0625 
0 0.1915625 0.22833333333333336 0.084375 0.07333333333333333 
0 0.2359375 0.10916666666666668 0.055625 0.07500000000000001 
0 0.2878125 0.04708333333333334 0.07187500000000001 0.09250000000000001 
0 0.29031250000000003 0.32833333333333337 0.083125 0.09333333333333334 
0 0.598125 0.11166666666666668 0.08 0.07333333333333333 
0 0.686875 0.1325 0.06125 0.07166666666666667 
0 0.910625 0.05458333333333334 0.0575 0.07416666666666667 
0 0.9690625 0.8350000000000001 0.050625 0.07166666666666667 
0 0.18937500000000002 0.7783333333333334 0.05375 0.07333333333333333 
3 0.1628125 0.6233333333333334 0.066875 0.09666666666666668 
0 0.09125 0.8287500000000001 0.0675 0.07416666666666667 
