0 0.8071875000000001 0.08083333333333334 0.07187500000000001 0.08666666666666667 
0 0.5946875 0.3408333333333334 0.068125 0.08666666666666667 
0 0.33968750000000003 0.08083333333333334 0.075625 0.07 
0 0.2421875 0.9325000000000001 0.073125 0.11333333333333334 
0 0.73 0.53125 0.065 0.09416666666666668 
0 0.1721875 0.5645833333333333 0.058125 0.10250000000000001 
0 0.6684375 0.64875 0.061875 0.08583333333333334 
0 0.3425 0.5395833333333334 0.0675 0.10083333333333334 
0 0.2709375 0.2804166666666667 0.061875 0.07916666666666668 
0 0.1925 0.6975 0.06 0.09333333333333334 
0 0.5471875 0.5387500000000001 0.065625 0.08583333333333334 
0 0.2103125 0.18708333333333335 0.063125 0.08083333333333334 
0 0.258125 0.36750000000000005 0.07875 0.09166666666666667 
0 0.2634375 0.6979166666666667 0.07187500000000001 0.09416666666666668 
0 0.9400000000000001 0.255 0.06625 0.08833333333333333 
0 0.39437500000000003 0.6841666666666667 0.0625 0.085 
0 0.84875 0.17375000000000002 0.0675 0.11750000000000001 
0 0.0853125 0.19541666666666668 0.063125 0.0775 
0 0.78125 0.18916666666666668 0.06875 0.11166666666666668 
0 0.4684375 0.7050000000000001 0.074375 0.09833333333333334 
0 0.6159375 0.23750000000000002 0.064375 0.08166666666666667 
0 0.41781250000000003 0.9475 0.059375000000000004 0.09833333333333334 
0 0.0378125 0.12416666666666668 0.063125 0.08666666666666667 
0 0.255625 0.79125 0.0725 0.08583333333333334 
0 0.315625 0.15333333333333335 0.06375 0.08 
0 0.1546875 0.7679166666666667 0.061875 0.09083333333333334 
0 0.6071875 0.6670833333333334 0.058125 0.08583333333333334 
0 0.6062500000000001 0.10583333333333333 0.07625 0.095 
0 0.8209375 0.6070833333333334 0.061875 0.09416666666666668 
0 0.0415625 0.5275000000000001 0.065625 0.10833333333333334 
0 0.0975 0.4266666666666667 0.06875 0.08166666666666667 
0 0.2159375 0.04833333333333334 0.064375 0.08166666666666667 
0 0.29625 0.8883333333333334 0.06 0.09333333333333334 
0 0.1396875 0.12291666666666667 0.061875 0.0975 
0 0.613125 0.81 0.06625 0.08833333333333333 
0 0.9103125 0.7079166666666667 0.056875 0.0825 
0 0.883125 0.11916666666666667 0.07 0.1 
0 0.725 0.6308333333333334 0.06125 0.09166666666666667 
0 0.075625 0.6595833333333334 0.0575 0.08416666666666667 
0 0.619375 0.5337500000000001 0.06125 0.0975 
0 0.87875 0.43750000000000006 0.06625 0.08666666666666667 
0 0.25875 0.5383333333333333 0.058750000000000004 0.08166666666666667 
0 0.4090625 0.15166666666666667 0.063125 0.08666666666666667 
0 0.536875 0.24541666666666667 0.07625 0.10750000000000001 
0 0.73875 0.76375 0.0625 0.08750000000000001 
0 0.535625 0.06625 0.06125 0.08416666666666667 
0 0.574375 0.4295833333333334 0.06125 0.0775 
0 0.5015625 0.5954166666666667 0.07062500000000001 0.09083333333333334 
0 0.1078125 0.6025 0.068125 0.07666666666666667 
0 0.8534375000000001 0.3141666666666667 0.064375 0.10833333333333334 
0 0.349375 0.21958333333333335 0.06125 0.08916666666666667 
0 0.7878125 0.26916666666666667 0.068125 0.08333333333333334 
0 0.9615625 0.4866666666666667 0.056875 0.08333333333333334 
0 0.5634375 0.91125 0.065625 0.10750000000000001 
0 0.4875 0.9341666666666667 0.0675 0.09166666666666667 
0 0.46187500000000004 0.0625 0.0675 0.08166666666666667 
0 0.4609375 0.4058333333333334 0.073125 0.07166666666666667 
0 0.08687500000000001 0.7945833333333334 0.07625 0.07250000000000001 
0 0.6425 0.47500000000000003 0.07375 0.08 
0 0.87375 0.8554166666666667 0.06375 0.0825 
0 0.45437500000000003 0.6050000000000001 0.0675 0.09333333333333334 
0 0.3725 0.7741666666666667 0.075 0.08 
0 0.306875 0.58875 0.07625 0.0975 
0 0.950625 0.17 0.07375 0.08166666666666667 
0 0.7156250000000001 0.17208333333333334 0.06375 0.09416666666666668 
0 0.388125 0.40625 0.07 0.07416666666666667 
0 0.8784375 0.57625 0.059375000000000004 0.07916666666666668 
0 0.95375 0.7837500000000001 0.06625 0.07583333333333334 
0 0.1775 0.9066666666666667 0.0625 0.07833333333333334 
0 0.7368750000000001 0.8958333333333334 0.0575 0.08333333333333334 
0 0.28125 0.1875 0.06625 0.11333333333333334 
0 0.5840625 0.15333333333333335 0.058125 0.07500000000000001 
0 0.0484375 0.35125 0.073125 0.08083333333333334 
0 0.6896875 0.2041666666666667 0.065625 0.1 
0 0.7840625 0.33 0.060625 0.09000000000000001 
0 0.32625 0.3254166666666667 0.0475 0.09583333333333334 
0 0.1021875 0.5 0.07187500000000001 0.1 
0 0.13343750000000001 0.27875 0.064375 0.09083333333333334 
0 0.046875 0.2625 0.06 0.08666666666666667 
0 0.4096875 0.33 0.068125 0.07666666666666667 
0 0.6871875000000001 0.4133333333333334 0.059375000000000004 0.08666666666666667 
0 0.69125 0.7341666666666667 0.058750000000000004 0.07833333333333334 
0 0.1684375 0.24333333333333335 0.054375 0.09000000000000001 
0 0.379375 0.23583333333333334 0.0625 0.08666666666666667 
0 0.108125 0.7108333333333334 0.0675 0.08333333333333334 
0 0.9450000000000001 0.36583333333333334 0.0725 0.11166666666666668 
0 0.495 0.19416666666666668 0.06875 0.09333333333333334 
0 0.76125 0.6779166666666667 0.058750000000000004 0.08416666666666667 
0 0.8462500000000001 0.4783333333333334 0.07875 0.10666666666666667 
0 0.198125 0.3041666666666667 0.0575 0.07500000000000001 
0 0.5653125 0.7566666666666667 0.060625 0.095 
0 0.9575 0.895 0.0625 0.08333333333333334 
0 0.330625 0.4729166666666667 0.06 0.09250000000000001 
0 0.8396875 0.7779166666666667 0.068125 0.0825 
0 0.059062500000000004 0.86375 0.073125 0.0975 
0 0.5528125 0.71125 0.068125 0.10750000000000001 
0 0.91 0.3875 0.065 0.09000000000000001 
0 0.349375 0.8041666666666667 0.07625 0.08666666666666667 
0 0.6715625000000001 0.3691666666666667 0.065625 0.09166666666666667 
0 0.2471875 0.6362500000000001 0.065625 0.08083333333333334 
0 0.386875 0.8725 0.045 0.07500000000000001 
0 0.785625 0.5925 0.05625 0.10500000000000001 
0 0.693125 0.05916666666666667 0.0675 0.11 
0 0.4909375 0.5279166666666667 0.065625 0.08750000000000001 
0 0.2221875 0.5358333333333334 0.053125 0.115 
0 0.4140625 0.5470833333333334 0.056875 0.09916666666666667 
0 0.935 0.11541666666666667 0.07875 0.0975 
0 0.67125 0.8508333333333334 0.058750000000000004 0.09000000000000001 
0 0.9540625 0.9550000000000001 0.07062500000000001 0.08833333333333333 
0 0.3490625 0.9516666666666668 0.064375 0.095 
0 0.234375 0.42000000000000004 0.06625 0.08166666666666667 
0 0.8890625 0.9154166666666668 0.050625 0.09083333333333334 
0 0.16375 0.42083333333333334 0.04625 0.10166666666666667 
0 0.7681250000000001 0.4345833333333334 0.065 0.0775 
0 0.419375 0.4904166666666667 0.058750000000000004 0.0825 
