0 0.24531250000000002 0.08916666666666667 0.075625 0.09833333333333334 
0 0.8525 0.7695833333333334 0.08125 0.09583333333333334 
0 0.1440625 0.2866666666666667 0.075625 0.10666666666666667 
0 0.916875 0.8462500000000001 0.07625 0.10250000000000001 
0 0.879375 0.6900000000000001 0.05375 0.08333333333333334 
0 0.47250000000000003 0.9191666666666667 0.07 0.08333333333333334 
0 0.57375 0.8020833333333334 0.07125000000000001 0.08083333333333334 
0 0.6084375 0.8979166666666667 0.075625 0.10250000000000001 
0 0.766875 0.14208333333333334 0.07625 0.09583333333333334 
0 0.286875 0.16125 0.0775 0.10250000000000001 
0 0.7590625 0.8341666666666667 0.07187500000000001 0.115 
0 0.5828125000000001 0.14083333333333334 0.069375 0.08833333333333333 
0 0.48375 0.5220833333333333 0.06625 0.0775 
0 0.451875 0.8500000000000001 0.07375 0.08666666666666667 
0 0.8153125 0.9375000000000001 0.07062500000000001 0.09666666666666668 
0 0.7468750000000001 0.3225 0.07125000000000001 0.07833333333333334 
0 0.9471875000000001 0.9287500000000001 0.065625 0.07583333333333334 
0 0.82625 0.26125000000000004 0.06 0.08916666666666667 
0 0.8718750000000001 0.9454166666666667 0.0825 0.0975 
0 0.923125 0.4266666666666667 0.07625 0.09166666666666667 
0 0.42 0.77875 0.06625 0.08083333333333334 
0 0.77875 0.2 0.075 0.09833333333333334 
0 0.8403125 0.3775 0.07062500000000001 0.10166666666666667 
0 0.3675 0.8558333333333333 0.0775 0.10166666666666667 
0 0.2525 0.32375000000000004 0.065 0.09416666666666668 
0 0.2475 0.48208333333333336 0.075 0.10083333333333334 
0 0.19968750000000002 0.44125000000000003 0.069375 0.10250000000000001 
0 0.169375 0.7816666666666667 0.08125 0.10666666666666667 
0 0.265625 0.8366666666666667 0.0525 0.10166666666666667 
0 0.498125 0.76875 0.06375 0.09416666666666668 
0 0.43593750000000003 0.7333333333333334 0.064375 0.08833333333333333 
0 0.6728125 0.65625 0.07062500000000001 0.08083333333333334 
0 0.550625 0.28208333333333335 0.07875 0.10583333333333333 
0 0.12562500000000001 0.8383333333333334 0.07125000000000001 0.10333333333333335 
0 0.358125 0.8020833333333334 0.0675 0.09416666666666668 
1 0.2040625 0.8704166666666667 0.08687500000000001 0.10416666666666667 
0 0.6321875 0.7375 0.079375 0.10666666666666667 
0 0.3121875 0.7120833333333334 0.060625 0.07916666666666668 
0 0.628125 0.20916666666666667 0.06625 0.07333333333333333 
0 0.6728125 0.25583333333333336 0.063125 0.08666666666666667 
0 0.5990625 0.6966666666666667 0.065625 0.09166666666666667 
0 0.6950000000000001 0.22541666666666668 0.07125000000000001 0.09083333333333334 
0 0.5590625 0.5258333333333334 0.068125 0.1 
0 0.43593750000000003 0.4804166666666667 0.075625 0.10083333333333334 
0 0.30843750000000003 0.79125 0.053125 0.0825 
0 0.7271875 0.71625 0.075625 0.09583333333333334 
0 0.9671875 0.7054166666666667 0.064375 0.08750000000000001 
1 0.5396875 0.6629166666666667 0.088125 0.0975 
1 0.9128125 0.24250000000000002 0.083125 0.09666666666666668 
0 0.9031250000000001 0.19458333333333336 0.055 0.0825 
0 0.940625 0.31708333333333333 0.065 0.07583333333333334 
0 0.909375 0.33458333333333334 0.0675 0.07916666666666668 
0 0.5928125 0.5391666666666667 0.07187500000000001 0.09666666666666668 
0 0.484375 0.6145833333333334 0.07375 0.10750000000000001 
0 0.47000000000000003 0.71375 0.07375 0.09416666666666668 
0 0.703125 0.7345833333333334 0.06125 0.09416666666666668 
0 0.1840625 0.4916666666666667 0.065625 0.1 
0 0.06875 0.4866666666666667 0.0775 0.1 
0 0.0603125 0.6658333333333334 0.094375 0.09166666666666667 
0 0.1153125 0.50625 0.069375 0.09416666666666668 
0 0.080625 0.5579166666666667 0.0625 0.08083333333333334 
0 0.096875 0.6258333333333334 0.06375 0.085 
0 0.049375 0.7533333333333334 0.05375 0.08666666666666667 
0 0.6459375 0.11708333333333334 0.061875 0.1125 
