0 0.8618750000000001 0.7704166666666667 0.075 0.09416666666666668 
0 0.4434375 0.6491666666666667 0.07187500000000001 0.09333333333333334 
0 0.9321875000000001 0.6625000000000001 0.079375 0.1 
0 0.05 0.5295833333333334 0.0675 0.10083333333333334 
0 0.71875 0.8287500000000001 0.07375 0.09916666666666667 
0 0.183125 0.16166666666666668 0.08 0.09833333333333334 
0 0.1146875 0.2379166666666667 0.075625 0.10250000000000001 
0 0.584375 0.29708333333333337 0.06625 0.09083333333333334 
0 0.253125 0.43291666666666667 0.08125 0.11083333333333334 
0 0.7090625 0.5716666666666667 0.068125 0.10166666666666667 
0 0.5578125 0.8379166666666668 0.076875 0.0975 
0 0.92125 0.51375 0.08625000000000001 0.10750000000000001 
0 0.7934375 0.7275 0.07062500000000001 0.10500000000000001 
0 0.7559375 0.052500000000000005 0.078125 0.09666666666666668 
0 0.5971875 0.5591666666666667 0.066875 0.09166666666666667 
0 0.73875 0.18708333333333335 0.07125000000000001 0.10416666666666667 
0 0.5071875 0.59375 0.075625 0.0975 
0 0.481875 0.9191666666666667 0.07375 0.09666666666666668 
0 0.904375 0.40458333333333335 0.0725 0.10083333333333334 
0 0.6125 0.85375 0.07375 0.12416666666666668 
0 0.3153125 0.5129166666666667 0.080625 0.1125 
0 0.5115625 0.20791666666666667 0.076875 0.11083333333333334 
0 0.565625 0.43083333333333335 0.07375 0.095 
0 0.0828125 0.8375 0.091875 0.09166666666666667 
0 0.6909375 0.45875000000000005 0.074375 0.10083333333333334 
0 0.415625 0.8450000000000001 0.07875 0.10166666666666667 
0 0.958125 0.8704166666666667 0.07125000000000001 0.09916666666666667 
0 0.3234375 0.8325 0.073125 0.09166666666666667 
0 0.4140625 0.21875000000000003 0.078125 0.11083333333333334 
0 0.73625 0.4166666666666667 0.0825 0.10500000000000001 
0 0.3775 0.08541666666666667 0.07125000000000001 0.10250000000000001 
0 0.803125 0.15375 0.08125 0.09416666666666668 
0 0.78625 0.3916666666666667 0.06875 0.1 
0 0.315625 0.1575 0.07625 0.11 
0 0.18031250000000001 0.9183333333333334 0.08687500000000001 0.09333333333333334 
0 0.909375 0.9187500000000001 0.09 0.09583333333333334 
0 0.4865625 0.7608333333333334 0.069375 0.07666666666666667 
0 0.829375 0.41208333333333336 0.06875 0.10750000000000001 
0 0.5171875 0.4929166666666667 0.078125 0.09250000000000001 
0 0.760625 0.5079166666666667 0.07375 0.07583333333333334 
0 0.2915625 0.04416666666666667 0.07062500000000001 0.08666666666666667 
3 0.1284375 0.6475000000000001 0.080625 0.14166666666666666 
0 0.5465625000000001 0.7575000000000001 0.068125 0.09000000000000001 
0 0.3853125 0.7704166666666667 0.073125 0.09416666666666668 
0 0.67625 0.6725000000000001 0.075 0.11 
0 0.194375 0.2904166666666667 0.04875 0.12583333333333335 
0 0.5271875 0.6808333333333334 0.081875 0.1 
0 0.5603125 0.6708333333333334 0.07062500000000001 0.09333333333333334 
0 0.2521875 0.5208333333333334 0.069375 0.11666666666666667 
0 0.7290625000000001 0.9566666666666668 0.07062500000000001 0.085 
0 0.3125 0.7716666666666667 0.125 0.16333333333333333 
