0 0.9009375000000001 0.14750000000000002 0.081875 0.07333333333333333 
0 0.7371875 0.24166666666666667 0.078125 0.09000000000000001 
0 0.2853125 0.32458333333333333 0.07187500000000001 0.09416666666666668 
0 0.13593750000000002 0.8525 0.051875000000000004 0.08166666666666667 
0 0.8684375 0.42333333333333334 0.060625 0.10500000000000001 
0 0.8028125 0.43833333333333335 0.073125 0.10166666666666667 
0 0.6796875 0.8600000000000001 0.073125 0.10333333333333335 
0 0.758125 0.08416666666666667 0.0675 0.11 
0 0.299375 0.7037500000000001 0.065 0.07916666666666668 
0 0.166875 0.4791666666666667 0.07125000000000001 0.08333333333333334 
0 0.3284375 0.7662500000000001 0.058125 0.07583333333333334 
0 0.291875 0.22791666666666668 0.075 0.10250000000000001 
0 0.8353125 0.7858333333333334 0.060625 0.07333333333333333 
0 0.21125 0.42583333333333334 0.0725 0.07333333333333333 
0 0.568125 0.0575 0.0725 0.07833333333333334 
0 0.6096875 0.7416666666666667 0.069375 0.09166666666666667 
0 0.17500000000000002 0.7929166666666667 0.07375 0.08416666666666667 
0 0.5421875 0.5012500000000001 0.080625 0.09583333333333334 
0 0.7303125 0.3666666666666667 0.065625 0.08 
0 0.0496875 0.48333333333333334 0.061875 0.08333333333333334 
0 0.2325 0.060833333333333336 0.0725 0.095 
0 0.8515625 0.255 0.079375 0.07 
0 0.9340625 0.7362500000000001 0.064375 0.0825 
0 0.088125 0.3354166666666667 0.06 0.09250000000000001 
0 0.18281250000000002 0.9129166666666667 0.065625 0.11083333333333334 
0 0.059062500000000004 0.22625 0.073125 0.09416666666666668 
0 0.35125 0.5729166666666667 0.075 0.08916666666666667 
0 0.2165625 0.2625 0.059375000000000004 0.08166666666666667 
0 0.77875 0.9229166666666667 0.0725 0.10250000000000001 
0 0.4221875 0.6108333333333333 0.048125 0.08 
0 0.2703125 0.8433333333333334 0.074375 0.09666666666666668 
0 0.178125 0.16666666666666669 0.06 0.07500000000000001 
0 0.925 0.28750000000000003 0.058750000000000004 0.10166666666666667 
0 0.089375 0.7354166666666667 0.06 0.08750000000000001 
0 0.56875 0.43750000000000006 0.07375 0.095 
0 0.888125 0.9587500000000001 0.058750000000000004 0.07083333333333333 
0 0.1675 0.24625000000000002 0.05 0.07416666666666667 
0 0.14625 0.39625000000000005 0.06125 0.08416666666666667 
0 0.0621875 0.16375 0.068125 0.08916666666666667 
0 0.933125 0.2025 0.07375 0.07166666666666667 
0 0.0540625 0.39875000000000005 0.07187500000000001 0.0825 
0 0.104375 0.43833333333333335 0.055 0.10166666666666667 
0 0.418125 0.7937500000000001 0.0575 0.08583333333333334 
0 0.6796875 0.4575 0.059375000000000004 0.07833333333333334 
0 0.135 0.64 0.06625 0.07500000000000001 
0 0.88375 0.07625 0.07125000000000001 0.0625 
0 0.08 0.5354166666666667 0.06875 0.08416666666666667 
1 0.4571875 0.51875 0.096875 0.09083333333333334 
0 0.4015625 0.7583333333333334 0.056875 0.085 
0 0.1415625 0.28625 0.068125 0.08416666666666667 
0 0.2534375 0.6308333333333334 0.054375 0.07500000000000001 
0 0.07875 0.8441666666666667 0.06625 0.07833333333333334 
1 0.601875 0.8270833333333334 0.08875 0.10583333333333333 
0 0.0984375 0.5825 0.073125 0.08833333333333333 
0 0.8984375 0.8933333333333334 0.07187500000000001 0.060000000000000005 
0 0.969375 0.8008333333333334 0.04875 0.07166666666666667 
0 0.304375 0.4379166666666667 0.06875 0.05916666666666667 
0 0.1234375 0.68625 0.059375000000000004 0.07916666666666668 
0 0.21375 0.5629166666666667 0.0675 0.08916666666666667 
0 0.82875 0.8562500000000001 0.0575 0.08750000000000001 
0 0.2565625 0.5420833333333334 0.083125 0.08750000000000001 
4 0.2515625 0.8820833333333334 0.081875 0.10083333333333334 
0 0.2609375 0.5070833333333333 0.073125 0.07583333333333334 
0 0.3359375 0.6729166666666667 0.066875 0.08416666666666667 
1 0.9096875 0.8145833333333334 0.079375 0.09916666666666667 
0 0.4078125 0.6554166666666668 0.065625 0.08416666666666667 
3 0.1525 0.06541666666666666 0.09 0.1125 
1 0.579375 0.9500000000000001 0.1 0.09333333333333334 
1 0.48125 0.7204166666666667 0.07 0.12250000000000001 
6 0.8300000000000001 0.044583333333333336 0.10375000000000001 0.08916666666666667 
0 0.2421875 0.9658333333333334 0.061875 0.065 
0 0.48781250000000004 0.6470833333333333 0.075625 0.060833333333333336 
0 0.466875 0.5958333333333333 0.06875 0.07666666666666667 
0 0.5590625 0.7079166666666667 0.073125 0.07583333333333334 
0 0.5478125 0.7462500000000001 0.074375 0.09083333333333334 
0 0.78625 0.8645833333333334 0.07 0.10250000000000001 
0 0.5571875000000001 0.8858333333333334 0.105625 0.07333333333333333 
0 0.5184375 0.8433333333333334 0.079375 0.095 
0 0.49875 0.7995833333333334 0.08375 0.07916666666666668 
0 0.0584375 0.7704166666666667 0.063125 0.0825 
0 0.8590625000000001 0.21333333333333335 0.066875 0.07166666666666667 
0 0.50875 0.5429166666666667 0.0575 0.0975 
0 0.328125 0.6212500000000001 0.0725 0.08416666666666667 
