0 0.3871875 0.6983333333333334 0.069375 0.09833333333333334 
0 0.2278125 0.6579166666666667 0.07062500000000001 0.09416666666666668 
0 0.2671875 0.23875000000000002 0.061875 0.08083333333333334 
0 0.9015625 0.14666666666666667 0.07187500000000001 0.1 
0 0.67375 0.6279166666666667 0.0675 0.08916666666666667 
0 0.6346875 0.14833333333333334 0.07187500000000001 0.08666666666666667 
0 0.3778125 0.30291666666666667 0.07062500000000001 0.09416666666666668 
0 0.511875 0.14291666666666666 0.06875 0.08583333333333334 
0 0.095 0.2041666666666667 0.0725 0.10500000000000001 
0 0.085 0.32125000000000004 0.0725 0.08583333333333334 
0 0.355 0.895 0.0775 0.08666666666666667 
0 0.6775 0.4204166666666667 0.0775 0.09416666666666668 
0 0.76 0.7054166666666667 0.06375 0.09416666666666668 
0 0.5575 0.48208333333333336 0.075 0.08750000000000001 
0 0.3559375 0.065 0.061875 0.09333333333333334 
0 0.296875 0.14541666666666667 0.08 0.0975 
0 0.4709375 0.9304166666666668 0.065625 0.08916666666666667 
0 0.43875000000000003 0.5904166666666667 0.06625 0.08083333333333334 
0 0.9 0.57125 0.0725 0.10416666666666667 
0 0.915625 0.8762500000000001 0.07625 0.09583333333333334 
0 0.210625 0.2808333333333333 0.07 0.095 
0 0.2078125 0.48708333333333337 0.075625 0.10416666666666667 
0 0.1028125 0.8333333333333334 0.07187500000000001 0.085 
0 0.80875 0.3129166666666667 0.06125 0.09583333333333334 
0 0.7425 0.30541666666666667 0.065 0.10416666666666667 
0 0.306875 0.6208333333333333 0.06125 0.07500000000000001 
0 0.62625 0.7304166666666667 0.0725 0.11083333333333334 
0 0.144375 0.7683333333333334 0.08125 0.085 
0 0.4771875 0.4154166666666667 0.08687500000000001 0.08416666666666667 
0 0.8925000000000001 0.795 0.08125 0.1 
0 0.4665625 0.49750000000000005 0.079375 0.095 
0 0.8365625 0.6766666666666667 0.079375 0.1 
0 0.6990625 0.7412500000000001 0.069375 0.10583333333333333 
0 0.0821875 0.4179166666666667 0.074375 0.09250000000000001 
0 0.3946875 0.5091666666666667 0.065625 0.10500000000000001 
0 0.170625 0.10125 0.07375 0.10416666666666667 
0 0.9225 0.46458333333333335 0.0725 0.09083333333333334 
0 0.8734375 0.315 0.080625 0.11166666666666668 
0 0.50875 0.26958333333333334 0.07125000000000001 0.08583333333333334 
0 0.14906250000000001 0.68625 0.066875 0.07250000000000001 
0 0.7378125 0.1875 0.084375 0.10500000000000001 
0 0.1209375 0.41000000000000003 0.076875 0.09666666666666668 
0 0.4553125 0.7570833333333333 0.08687500000000001 0.10750000000000001 
0 0.4378125 0.14083333333333334 0.07187500000000001 0.10500000000000001 
0 0.4759375 0.3179166666666667 0.069375 0.10083333333333334 
0 0.959375 0.4758333333333334 0.065 0.09166666666666667 
0 0.125 0.9425000000000001 0.08125 0.11166666666666668 
0 0.34125 0.4504166666666667 0.0775 0.10083333333333334 
0 0.494375 0.8191666666666667 0.0825 0.10833333333333334 
0 0.550625 0.37375 0.07375 0.09083333333333334 
0 0.28250000000000003 0.04541666666666667 0.06625 0.09083333333333334 
0 0.67875 0.8166666666666668 0.1 0.09333333333333334 
5 0.6696875 0.2404166666666667 0.059375000000000004 0.09916666666666667 
1 0.58375 0.5704166666666667 0.09625 0.10916666666666668 
0 0.574375 0.2679166666666667 0.051250000000000004 0.08916666666666667 
0 0.5934375000000001 0.40458333333333335 0.064375 0.0825 
0 0.214375 0.04916666666666667 0.0825 0.08 
