0 0.3178125 0.19625 0.074375 0.09583333333333334 
0 0.8259375 0.14208333333333334 0.069375 0.08750000000000001 
0 0.40718750000000004 0.6362500000000001 0.063125 0.08083333333333334 
0 0.4409375 0.07541666666666667 0.063125 0.0825 
0 0.3071875 0.3216666666666667 0.051875000000000004 0.08333333333333334 
0 0.4865625 0.14666666666666667 0.059375000000000004 0.09000000000000001 
0 0.2290625 0.1691666666666667 0.068125 0.08333333333333334 
0 0.6409375 0.2829166666666667 0.069375 0.09583333333333334 
0 0.9196875 0.09583333333333334 0.066875 0.07 
0 0.6971875 0.6920833333333334 0.058125 0.09583333333333334 
0 0.0846875 0.0675 0.063125 0.09000000000000001 
0 0.0615625 0.7633333333333334 0.074375 0.08833333333333333 
0 0.336875 0.7866666666666667 0.07125000000000001 0.115 
0 0.405625 0.34208333333333335 0.06375 0.08583333333333334 
0 0.20375000000000001 0.07958333333333334 0.05 0.07250000000000001 
0 0.105 0.42583333333333334 0.07125000000000001 0.095 
0 0.94875 0.77625 0.06375 0.09250000000000001 
0 0.040625 0.4133333333333334 0.05375 0.07333333333333333 
0 0.763125 0.20083333333333334 0.06625 0.08333333333333334 
0 0.4628125 0.5833333333333334 0.066875 0.085 
0 0.95625 0.2791666666666667 0.06375 0.095 
0 0.6228125 0.18000000000000002 0.068125 0.07333333333333333 
0 0.3453125 0.11041666666666668 0.059375000000000004 0.07916666666666668 
0 0.3659375 0.9258333333333334 0.061875 0.08333333333333334 
0 0.56375 0.27416666666666667 0.0675 0.07500000000000001 
0 0.6634375 0.085 0.066875 0.08166666666666667 
0 0.8825000000000001 0.5045833333333334 0.06375 0.08583333333333334 
0 0.5271875 0.5587500000000001 0.068125 0.09250000000000001 
0 0.5425 0.22916666666666669 0.07125000000000001 0.10500000000000001 
0 0.0615625 0.58875 0.061875 0.07250000000000001 
0 0.2628125 0.5933333333333334 0.063125 0.10833333333333334 
0 0.673125 0.35833333333333334 0.04875 0.07166666666666667 
0 0.4215625 0.80125 0.065625 0.08583333333333334 
0 0.3390625 0.053750000000000006 0.056875 0.07416666666666667 
0 0.109375 0.19958333333333333 0.0525 0.07916666666666668 
0 0.4665625 0.24000000000000002 0.061875 0.07666666666666667 
0 0.39625 0.25083333333333335 0.06125 0.07333333333333333 
0 0.323125 0.7295833333333334 0.0625 0.09250000000000001 
0 0.1890625 0.6108333333333333 0.058125 0.07500000000000001 
0 0.1675 0.24083333333333334 0.06625 0.09166666666666667 
0 0.5440625 0.7000000000000001 0.061875 0.08166666666666667 
0 0.8828125 0.8733333333333334 0.066875 0.08666666666666667 
0 0.3790625 0.7066666666666667 0.055625 0.08 
0 0.74 0.6270833333333333 0.06 0.08583333333333334 
0 0.883125 0.27166666666666667 0.06125 0.07333333333333333 
0 0.28500000000000003 0.685 0.065 0.07166666666666667 
0 0.6846875 0.12833333333333335 0.055625 0.08166666666666667 
0 0.48625 0.8295833333333333 0.05625 0.08750000000000001 
0 0.2934375 0.42375 0.060625 0.09583333333333334 
0 0.304375 0.5650000000000001 0.06875 0.09666666666666668 
0 0.8084375 0.42375 0.065625 0.08583333333333334 
0 0.6775 0.4675 0.06 0.08166666666666667 
0 0.5934375000000001 0.8908333333333334 0.059375000000000004 0.08666666666666667 
0 0.47125 0.6733333333333333 0.06375 0.08666666666666667 
0 0.8175 0.3141666666666667 0.0525 0.095 
0 0.6265625 0.5758333333333334 0.064375 0.09166666666666667 
0 0.230625 0.47875 0.0575 0.0825 
0 0.1740625 0.12250000000000001 0.054375 0.09333333333333334 
0 0.5971875 0.8366666666666667 0.063125 0.09333333333333334 
0 0.2496875 0.26916666666666667 0.055625 0.09333333333333334 
0 0.5959375 0.35250000000000004 0.056875 0.07166666666666667 
0 0.8359375 0.37833333333333335 0.060625 0.08666666666666667 
0 0.811875 0.8975000000000001 0.05 0.07666666666666667 
0 0.6040625000000001 0.47250000000000003 0.056875 0.07166666666666667 
0 0.7984375 0.046250000000000006 0.056875 0.08750000000000001 
0 0.836875 0.7208333333333333 0.06875 0.07833333333333334 
0 0.735 0.28875 0.0525 0.07583333333333334 
0 0.9215625000000001 0.1975 0.063125 0.08166666666666667 
0 0.2565625 0.7675000000000001 0.055625 0.08 
0 0.749375 0.8954166666666667 0.0475 0.09416666666666668 
0 0.12125 0.31583333333333335 0.0575 0.09666666666666668 
0 0.34625 0.43500000000000005 0.06125 0.06833333333333334 
0 0.1284375 0.5625 0.051875000000000004 0.08333333333333334 
0 0.1775 0.7916666666666667 0.0525 0.07833333333333334 
0 0.76 0.2579166666666667 0.06625 0.07916666666666668 
0 0.033125 0.22 0.065 0.060000000000000005 
0 0.200625 0.33958333333333335 0.058750000000000004 0.08083333333333334 
0 0.81375 0.80125 0.0525 0.08083333333333334 
0 0.2171875 0.6770833333333334 0.079375 0.07416666666666667 
0 0.68 0.8429166666666668 0.06 0.0775 
0 0.486875 0.6345833333333334 0.058750000000000004 0.09416666666666668 
0 0.37343750000000003 0.5750000000000001 0.053125 0.07666666666666667 
0 0.2578125 0.3891666666666667 0.064375 0.07833333333333334 
0 0.42281250000000004 0.4354166666666667 0.048125 0.07416666666666667 
0 0.5084375 0.05625 0.061875 0.07416666666666667 
0 0.3228125 0.60875 0.061875 0.09250000000000001 
0 0.035625000000000004 0.5045833333333334 0.07125000000000001 0.07916666666666668 
0 0.748125 0.8058333333333334 0.06375 0.07333333333333333 
0 0.6940625 0.18875 0.054375 0.07916666666666668 
0 0.6003125 0.5591666666666667 0.055625 0.08666666666666667 
0 0.73375 0.5295833333333334 0.058750000000000004 0.07916666666666668 
0 0.038125 0.8870833333333333 0.06125 0.08583333333333334 
0 0.436875 0.5054166666666667 0.05375 0.05916666666666667 
0 0.2784375 0.8783333333333334 0.058125 0.08 
0 0.7759375000000001 0.06875 0.066875 0.06916666666666667 
0 0.3834375 0.42375 0.061875 0.06583333333333334 
1 0.4975 0.39333333333333337 0.09 0.11333333333333334 
0 0.9340625 0.6737500000000001 0.054375 0.07416666666666667 
0 0.035625000000000004 0.29625 0.04875 0.05916666666666667 
0 0.6871875000000001 0.8841666666666668 0.065625 0.06833333333333334 
0 0.9128125 0.92 0.060625 0.08 
0 0.53 0.9245833333333334 0.06 0.07416666666666667 
0 0.10187500000000001 0.8516666666666667 0.06125 0.07666666666666667 
0 0.61125 0.7291666666666667 0.055 0.08333333333333334 
0 0.28 0.90375 0.04875 0.07416666666666667 
0 0.2328125 0.35250000000000004 0.051875000000000004 0.065 
0 0.37 0.26333333333333336 0.055 0.06666666666666667 
0 0.8978125 0.18291666666666667 0.064375 0.08416666666666667 
0 0.810625 0.2704166666666667 0.06375 0.07583333333333334 
0 0.6271875 0.6966666666666667 0.059375000000000004 0.06666666666666667 
0 0.6184375 0.675 0.068125 0.07833333333333334 
0 0.06 0.9308333333333334 0.051250000000000004 0.09333333333333334 
0 0.2346875 0.58125 0.055625 0.07583333333333334 
0 0.2265625 0.035833333333333335 0.058125 0.06833333333333334 
0 0.1378125 0.21458333333333335 0.069375 0.07083333333333333 
0 0.6840625 0.22708333333333336 0.065625 0.08750000000000001 
0 0.97 0.5587500000000001 0.0575 0.08583333333333334 
0 0.6978125000000001 0.45875000000000005 0.046875 0.08750000000000001 
0 0.505625 0.5316666666666667 0.06875 0.095 
0 0.1878125 0.30041666666666667 0.049375 0.08583333333333334 
0 0.2790625 0.27125 0.066875 0.07416666666666667 
0 0.1071875 0.3491666666666667 0.054375 0.08166666666666667 
0 0.0815625 0.3779166666666667 0.063125 0.0825 
0 0.1746875 0.6954166666666667 0.055625 0.07583333333333334 
0 0.154375 0.7629166666666667 0.0575 0.04416666666666667 
0 0.244375 0.8020833333333334 0.051250000000000004 0.07250000000000001 
0 0.1128125 0.8220833333333334 0.063125 0.0775 
0 0.61875 0.2041666666666667 0.0625 0.06833333333333334 
0 0.615625 0.43041666666666667 0.0575 0.09083333333333334 
0 0.864375 0.7379166666666667 0.05375 0.08583333333333334 
0 0.7734375 0.78 0.055625 0.08166666666666667 
0 0.8528125 0.7066666666666667 0.060625 0.08333333333333334 
0 0.526875 0.9533333333333334 0.04875 0.085 
0 0.8990625 0.9495833333333334 0.066875 0.07416666666666667 
0 0.7765625 0.8883333333333334 0.046875 0.08166666666666667 
0 0.923125 0.7025 0.04875 0.08 
0 0.9065625 0.665 0.046875 0.06833333333333334 
0 0.58625 0.5170833333333333 0.0525 0.0625 
0 0.735625 0.4904166666666667 0.06 0.07416666666666667 
0 0.7475 0.5175000000000001 0.06 0.08166666666666667 
0 0.673125 0.49583333333333335 0.051250000000000004 0.08166666666666667 
0 0.884375 0.29958333333333337 0.051250000000000004 0.08583333333333334 
0 0.0809375 0.8045833333333334 0.066875 0.08583333333333334 
0 0.204375 0.6704166666666667 0.04875 0.08750000000000001 
0 0.211875 0.6991666666666667 0.05 0.065 
0 0.34875 0.5191666666666667 0.06 0.07500000000000001 
0 0.2946875 0.5770833333333334 0.055625 0.07250000000000001 
0 0.380625 0.51625 0.0475 0.07250000000000001 
0 0.3440625 0.4779166666666667 0.056875 0.08750000000000001 
0 0.47125 0.36000000000000004 0.04875 0.08666666666666667 
0 0.37875000000000003 0.5487500000000001 0.0625 0.07250000000000001 
0 0.714375 0.8770833333333334 0.06 0.0675 
0 0.404375 0.72375 0.0625 0.07916666666666668 
0 0.26156250000000003 0.24166666666666667 0.043125000000000004 0.065 
0 0.964375 0.08 0.06875 0.08833333333333333 
0 0.7528125 0.09416666666666668 0.060625 0.07 
0 0.6165625 0.9275000000000001 0.058125 0.06166666666666667 
0 0.6265625 0.9587500000000001 0.061875 0.07416666666666667 
0 0.609375 0.38958333333333334 0.058750000000000004 0.07416666666666667 
