0 0.0703125 0.8225 0.075625 0.10166666666666667 
0 0.4628125 0.8341666666666667 0.075625 0.1 
0 0.936875 0.655 0.065 0.09333333333333334 
0 0.0503125 0.675 0.081875 0.095 
0 0.069375 0.385 0.07875 0.11166666666666668 
0 0.1865625 0.8945833333333334 0.075625 0.0775 
0 0.515 0.3254166666666667 0.07625 0.09416666666666668 
0 0.5771875 0.57375 0.069375 0.11916666666666667 
0 0.3328125 0.33708333333333335 0.084375 0.11083333333333334 
0 0.6953125 0.23083333333333333 0.07062500000000001 0.08666666666666667 
0 0.8184375 0.8641666666666667 0.069375 0.09166666666666667 
0 0.7084375 0.5591666666666667 0.076875 0.10333333333333335 
0 0.7415625 0.7820833333333334 0.076875 0.0975 
0 0.810625 0.14083333333333334 0.07375 0.10666666666666667 
0 0.8425 0.675 0.0825 0.10166666666666667 
0 0.6428125 0.5783333333333334 0.061875 0.10500000000000001 
0 0.4565625 0.41000000000000003 0.079375 0.1 
0 0.321875 0.20875000000000002 0.0725 0.0975 
0 0.1265625 0.15375 0.081875 0.0975 
0 0.508125 0.6012500000000001 0.07625 0.10250000000000001 
0 0.5653125 0.8441666666666667 0.078125 0.09666666666666668 
0 0.875625 0.20458333333333334 0.0825 0.09416666666666668 
0 0.5181250000000001 0.22 0.0725 0.09833333333333334 
0 0.21625 0.27125 0.07875 0.07416666666666667 
0 0.7325 0.89 0.07375 0.10666666666666667 
3 0.655625 0.36833333333333335 0.10250000000000001 0.14666666666666667 
0 0.7828125 0.2833333333333333 0.07187500000000001 0.08666666666666667 
0 0.265 0.45708333333333334 0.07875 0.10416666666666667 
0 0.5721875 0.685 0.076875 0.10500000000000001 
0 0.2915625 0.9370833333333334 0.08687500000000001 0.10750000000000001 
0 0.905625 0.8866666666666667 0.08125 0.085 
0 0.9528125000000001 0.07916666666666668 0.081875 0.09666666666666668 
0 0.86875 0.50875 0.06875 0.09083333333333334 
0 0.6603125 0.7354166666666667 0.073125 0.0975 
0 0.443125 0.23750000000000002 0.07625 0.09833333333333334 
0 0.6365625 0.7945833333333334 0.079375 0.10250000000000001 
0 0.9540625 0.29083333333333333 0.074375 0.09333333333333334 
0 0.905625 0.29750000000000004 0.08125 0.10333333333333335 
0 0.5696875 0.7525000000000001 0.074375 0.10166666666666667 
0 0.0484375 0.4941666666666667 0.076875 0.09666666666666668 
0 0.8346875 0.43583333333333335 0.075625 0.08666666666666667 
0 0.9575 0.7729166666666667 0.0625 0.1125 
0 0.8690625000000001 0.7804166666666668 0.063125 0.11416666666666668 
0 0.49343750000000003 0.12916666666666668 0.073125 0.095 
0 0.1146875 0.7250000000000001 0.080625 0.09333333333333334 
0 0.7503125 0.3866666666666667 0.076875 0.095 
0 0.55875 0.13083333333333333 0.06375 0.1 
0 0.7946875 0.5208333333333334 0.074375 0.095 
0 0.6109375 0.17916666666666667 0.066875 0.10166666666666667 
0 0.429375 0.50625 0.07625 0.09916666666666667 
0 0.96375 0.40750000000000003 0.0725 0.10333333333333335 
0 0.4290625 0.19958333333333333 0.069375 0.10416666666666667 
0 0.408125 0.06875 0.065 0.09083333333333334 
0 0.3659375 0.5487500000000001 0.078125 0.09416666666666668 
