2 0.34375 0.26916666666666667 0.10125 0.14166666666666666 
3 0.6184375 0.7266666666666667 0.075625 0.1366666666666667 
0 0.0746875 0.06958333333333334 0.074375 0.10416666666666667 
0 0.21875 0.07375000000000001 0.08375 0.10250000000000001 
0 0.1684375 0.04708333333333334 0.076875 0.09416666666666668 
0 0.1165625 0.17625000000000002 0.064375 0.10250000000000001 
0 0.19718750000000002 0.1875 0.076875 0.09333333333333334 
0 0.34500000000000003 0.06333333333333334 0.0725 0.10166666666666667 
0 0.26937500000000003 0.19083333333333335 0.07 0.08333333333333334 
0 0.0403125 0.3425 0.07062500000000001 0.085 
0 0.0859375 0.3116666666666667 0.073125 0.09833333333333334 
0 0.1075 0.29333333333333333 0.06375 0.09000000000000001 
0 0.228125 0.29083333333333333 0.0625 0.10166666666666667 
0 0.1290625 0.3979166666666667 0.078125 0.10083333333333334 
0 0.3053125 0.3716666666666667 0.074375 0.09333333333333334 
0 0.24281250000000001 0.40958333333333335 0.076875 0.09083333333333334 
0 0.2703125 0.4841666666666667 0.07187500000000001 0.09000000000000001 
0 0.140625 0.5012500000000001 0.07 0.10250000000000001 
0 0.1778125 0.57875 0.069375 0.09583333333333334 
0 0.09 0.64 0.0675 0.09166666666666667 
0 0.104375 0.7725000000000001 0.065 0.09333333333333334 
0 0.05 0.8620833333333334 0.07125000000000001 0.10250000000000001 
0 0.1146875 0.9191666666666667 0.07062500000000001 0.08833333333333333 
0 0.2471875 0.6587500000000001 0.073125 0.09250000000000001 
0 0.29625 0.76375 0.07375 0.09416666666666668 
0 0.2640625 0.8358333333333334 0.075625 0.07833333333333334 
0 0.3584375 0.6704166666666667 0.076875 0.10416666666666667 
0 0.5234375 0.10166666666666667 0.065625 0.09166666666666667 
0 0.4871875 0.16458333333333333 0.080625 0.10083333333333334 
0 0.658125 0.065 0.06875 0.085 
0 0.7321875 0.055 0.074375 0.08833333333333333 
0 0.605 0.15875 0.06625 0.08916666666666667 
0 0.4734375 0.27875 0.069375 0.09583333333333334 
0 0.560625 0.23708333333333334 0.07375 0.09916666666666667 
0 0.405625 0.44083333333333335 0.08 0.07666666666666667 
0 0.3740625 0.5208333333333334 0.076875 0.10333333333333335 
0 0.4315625 0.5283333333333333 0.089375 0.08833333333333333 
0 0.47875 0.49541666666666667 0.06125 0.10916666666666668 
0 0.5259375000000001 0.4366666666666667 0.073125 0.10166666666666667 
0 0.6021875 0.4204166666666667 0.074375 0.10416666666666667 
0 0.64125 0.35708333333333336 0.07375 0.10250000000000001 
0 0.6790625 0.26958333333333334 0.069375 0.10250000000000001 
0 0.7225 0.30625 0.07 0.09250000000000001 
0 0.760625 0.36791666666666667 0.0675 0.09083333333333334 
0 0.795625 0.15875 0.0675 0.10250000000000001 
0 0.9290625 0.0625 0.07187500000000001 0.09666666666666668 
0 0.9025 0.16583333333333333 0.07 0.09166666666666667 
0 0.935625 0.2579166666666667 0.06625 0.08916666666666667 
0 0.8046875 0.21166666666666667 0.07062500000000001 0.09000000000000001 
0 0.8515625 0.22916666666666669 0.078125 0.11166666666666668 
0 0.821875 0.29500000000000004 0.09375 0.08333333333333334 
0 0.9190625 0.38625000000000004 0.075625 0.09916666666666667 
0 0.79625 0.4708333333333334 0.06625 0.08 
0 0.8931250000000001 0.5754166666666667 0.0675 0.09583333333333334 
0 0.9278125 0.7770833333333333 0.081875 0.10250000000000001 
0 0.776875 0.5608333333333334 0.06125 0.09000000000000001 
0 0.7056250000000001 0.6204166666666667 0.065 0.10250000000000001 
0 0.575625 0.5091666666666667 0.07 0.085 
0 0.4615625 0.6320833333333333 0.07187500000000001 0.10083333333333334 
0 0.545625 0.5800000000000001 0.065 0.08666666666666667 
0 0.639375 0.6091666666666667 0.055 0.09333333333333334 
0 0.5875 0.61875 0.0625 0.10916666666666668 
0 0.4421875 0.8404166666666667 0.074375 0.0975 
0 0.4315625 0.9470833333333334 0.07187500000000001 0.09583333333333334 
0 0.5696875 0.9254166666666668 0.076875 0.09416666666666668 
0 0.5659375 0.8229166666666667 0.076875 0.10083333333333334 
0 0.6915625 0.9170833333333334 0.075625 0.10416666666666667 
0 0.7890625 0.9070833333333334 0.073125 0.10250000000000001 
