0 0.5590625 0.5533333333333333 0.074375 0.08833333333333333 
0 0.7428125 0.44333333333333336 0.079375 0.09666666666666668 
0 0.173125 0.7679166666666667 0.065 0.08750000000000001 
0 0.5596875 0.16583333333333333 0.073125 0.09666666666666668 
0 0.4090625 0.43333333333333335 0.07187500000000001 0.08666666666666667 
0 0.8159375 0.2525 0.069375 0.09833333333333334 
0 0.6240625 0.7304166666666667 0.07062500000000001 0.07916666666666668 
0 0.4990625 0.11666666666666667 0.07187500000000001 0.09166666666666667 
0 0.7040625 0.12958333333333333 0.07187500000000001 0.08750000000000001 
0 0.70625 0.6220833333333333 0.06625 0.08416666666666667 
0 0.1265625 0.4679166666666667 0.074375 0.09916666666666667 
0 0.3821875 0.9175000000000001 0.069375 0.09000000000000001 
0 0.7384375 0.7379166666666667 0.07062500000000001 0.08750000000000001 
0 0.9393750000000001 0.21125000000000002 0.07625 0.10750000000000001 
0 0.8453125 0.5758333333333334 0.068125 0.1 
0 0.644375 0.8158333333333334 0.07 0.08833333333333333 
0 0.9334375 0.7875000000000001 0.063125 0.07833333333333334 
0 0.116875 0.2804166666666667 0.0725 0.08416666666666667 
0 0.335625 0.7400000000000001 0.07375 0.1 
0 0.1234375 0.36875 0.079375 0.09083333333333334 
0 0.0465625 0.8120833333333334 0.063125 0.08750000000000001 
0 0.3665625 0.09125000000000001 0.074375 0.09416666666666668 
0 0.0471875 0.5129166666666667 0.07187500000000001 0.08416666666666667 
0 0.8575 0.39958333333333335 0.0625 0.07916666666666668 
0 0.7934375 0.8345833333333333 0.078125 0.08916666666666667 
0 0.388125 0.25708333333333333 0.07 0.09250000000000001 
0 0.550625 0.30375 0.0725 0.09916666666666667 
0 0.1065625 0.7920833333333334 0.064375 0.09083333333333334 
0 0.39937500000000004 0.7825000000000001 0.07 0.10500000000000001 
0 0.0553125 0.6041666666666667 0.076875 0.08333333333333334 
0 0.37343750000000003 0.5875 0.076875 0.09666666666666668 
0 0.64375 0.1704166666666667 0.07 0.08916666666666667 
0 0.316875 0.29250000000000004 0.0675 0.09166666666666667 
0 0.418125 0.6729166666666667 0.0775 0.0825 
0 0.6034375 0.08125 0.078125 0.08583333333333334 
0 0.5484375 0.4454166666666667 0.066875 0.09083333333333334 
0 0.448125 0.6016666666666667 0.07125000000000001 0.08666666666666667 
0 0.74875 0.0575 0.0725 0.07 
0 0.5181250000000001 0.26666666666666666 0.0775 0.09666666666666668 
0 0.9384375 0.42000000000000004 0.064375 0.08333333333333334 
0 0.10250000000000001 0.06041666666666667 0.07125000000000001 0.08416666666666667 
0 0.8853125000000001 0.45958333333333334 0.074375 0.08416666666666667 
0 0.6234375 0.8933333333333334 0.078125 0.09666666666666668 
0 0.92625 0.9491666666666667 0.11625 0.07 
