0 0.4628125 0.6904166666666667 0.07187500000000001 0.10416666666666667 
0 0.895 0.07791666666666668 0.0775 0.10916666666666668 
0 0.5115625 0.5770833333333334 0.066875 0.09083333333333334 
0 0.5065625 0.8004166666666667 0.075625 0.10416666666666667 
0 0.2921875 0.8075000000000001 0.074375 0.10333333333333335 
0 0.39968750000000003 0.4991666666666667 0.076875 0.10666666666666667 
0 0.67875 0.21000000000000002 0.0625 0.085 
0 0.0775 0.3929166666666667 0.075 0.10416666666666667 
0 0.1234375 0.9370833333333334 0.069375 0.08916666666666667 
0 0.0971875 0.6295833333333334 0.076875 0.10250000000000001 
0 0.319375 0.5337500000000001 0.075 0.10250000000000001 
0 0.7509375 0.2804166666666667 0.078125 0.09250000000000001 
0 0.7000000000000001 0.058333333333333334 0.08 0.1 
0 0.355 0.22708333333333336 0.075 0.09916666666666667 
0 0.24875 0.2733333333333334 0.08125 0.10666666666666667 
0 0.1584375 0.39375000000000004 0.079375 0.10916666666666668 
0 0.2015625 0.8954166666666667 0.078125 0.10416666666666667 
0 0.39687500000000003 0.35250000000000004 0.06375 0.07666666666666667 
0 0.74 0.6495833333333334 0.07 0.10250000000000001 
0 0.5528125 0.34208333333333335 0.065625 0.08750000000000001 
0 0.60875 0.5641666666666667 0.07125000000000001 0.09333333333333334 
0 0.180625 0.17375000000000002 0.08 0.0975 
0 0.339375 0.4179166666666667 0.07 0.09250000000000001 
0 0.34875 0.9454166666666667 0.07 0.0975 
0 0.373125 0.6458333333333334 0.08875 0.12166666666666667 
0 0.368125 0.7666666666666667 0.058750000000000004 0.08 
0 0.41375 0.10916666666666668 0.0525 0.07 
0 0.1778125 0.5004166666666667 0.066875 0.09250000000000001 
0 0.143125 0.27666666666666667 0.075 0.08833333333333333 
0 0.61375 0.8708333333333333 0.08625000000000001 0.10833333333333334 
0 0.7703125000000001 0.8458333333333334 0.064375 0.08833333333333333 
0 0.11812500000000001 0.2316666666666667 0.07625 0.11166666666666668 
0 0.4771875 0.92125 0.073125 0.0975 
0 0.9059375000000001 0.5783333333333334 0.069375 0.10166666666666667 
0 0.91125 0.465 0.0575 0.07666666666666667 
0 0.905 0.3741666666666667 0.08625000000000001 0.09833333333333334 
0 0.9659375 0.66125 0.063125 0.10583333333333333 
0 0.039375 0.18875 0.07875 0.09583333333333334 
0 0.218125 0.57125 0.08750000000000001 0.09416666666666668 
1 0.48125 0.4808333333333334 0.0775 0.09666666666666668 
0 0.62125 0.11541666666666667 0.06875 0.0975 
