0 0.7525000000000001 0.5579166666666667 0.06625 0.08416666666666667 
0 0.1365625 0.33916666666666667 0.059375000000000004 0.07333333333333333 
0 0.0878125 0.42250000000000004 0.07062500000000001 0.07833333333333334 
0 0.6109375 0.57875 0.069375 0.10250000000000001 
0 0.8925000000000001 0.8304166666666667 0.065 0.10083333333333334 
0 0.205625 0.11083333333333334 0.058750000000000004 0.08333333333333334 
0 0.5759375 0.8729166666666667 0.061875 0.08916666666666667 
0 0.5384375 0.45333333333333337 0.065625 0.095 
0 0.9575 0.17375000000000002 0.065 0.09083333333333334 
0 0.295 0.5625 0.0675 0.09000000000000001 
0 0.7887500000000001 0.12375000000000001 0.065 0.08750000000000001 
0 0.765 0.7516666666666667 0.075 0.09666666666666668 
0 0.90125 0.7279166666666668 0.06375 0.0825 
0 0.3546875 0.6020833333333334 0.07062500000000001 0.10083333333333334 
0 0.625 0.8200000000000001 0.06875 0.10500000000000001 
0 0.26125 0.19666666666666668 0.06875 0.09333333333333334 
0 0.7540625 0.21791666666666668 0.075625 0.09916666666666667 
0 0.96 0.8895833333333334 0.075 0.09083333333333334 
0 0.0503125 0.76875 0.069375 0.10750000000000001 
0 0.66125 0.4320833333333334 0.06875 0.09583333333333334 
0 0.5906250000000001 0.3766666666666667 0.058750000000000004 0.10333333333333335 
0 0.42875 0.8204166666666667 0.08125 0.10916666666666668 
3 0.17500000000000002 0.21625000000000003 0.08750000000000001 0.13083333333333333 
6 0.7409375 0.4666666666666667 0.073125 0.13 
