0 0.6609375000000001 0.7233333333333334 0.064375 0.08333333333333334 
0 0.7825 0.7383333333333334 0.06375 0.08166666666666667 
0 0.6446875 0.47208333333333335 0.07062500000000001 0.08416666666666667 
0 0.9196875 0.7241666666666667 0.069375 0.09333333333333334 
0 0.1696875 0.3275 0.066875 0.08833333333333333 
0 0.370625 0.14625000000000002 0.051250000000000004 0.08083333333333334 
0 0.3328125 0.62875 0.066875 0.09083333333333334 
0 0.6015625 0.6716666666666667 0.064375 0.08166666666666667 
0 0.813125 0.19583333333333336 0.06625 0.08333333333333334 
0 0.24781250000000002 0.37083333333333335 0.073125 0.08333333333333334 
0 0.1675 0.08041666666666668 0.06625 0.0825 
0 0.745 0.8237500000000001 0.07125000000000001 0.08583333333333334 
0 0.460625 0.1679166666666667 0.07 0.08416666666666667 
0 0.42625 0.6558333333333334 0.07125000000000001 0.085 
0 0.6121875 0.2783333333333334 0.065625 0.08666666666666667 
0 0.715 0.05041666666666667 0.07375 0.0825 
0 0.58875 0.12000000000000001 0.0575 0.07833333333333334 
0 0.58 0.7808333333333334 0.06 0.085 
0 0.22062500000000002 0.27416666666666667 0.06125 0.08666666666666667 
0 0.4865625 0.4166666666666667 0.055625 0.085 
0 0.2765625 0.29541666666666666 0.060625 0.0775 
0 0.07062500000000001 0.05916666666666667 0.065 0.08666666666666667 
0 0.465625 0.7695833333333334 0.065 0.08916666666666667 
0 0.1903125 0.78 0.07062500000000001 0.08833333333333333 
0 0.32 0.23208333333333334 0.0725 0.08583333333333334 
0 0.856875 0.4970833333333334 0.06125 0.07083333333333333 
0 0.5465625000000001 0.4204166666666667 0.066875 0.08750000000000001 
0 0.8596875 0.29958333333333337 0.058125 0.0775 
0 0.110625 0.13583333333333333 0.07125000000000001 0.10166666666666667 
0 0.6896875 0.9516666666666668 0.055625 0.08333333333333334 
0 0.308125 0.15083333333333335 0.06375 0.08 
0 0.16875 0.17583333333333334 0.06875 0.09333333333333334 
0 0.7993750000000001 0.8908333333333334 0.06625 0.095 
0 0.0696875 0.4920833333333334 0.065625 0.08416666666666667 
0 0.181875 0.6075 0.07 0.085 
0 0.1540625 0.655 0.074375 0.08 
0 0.79625 0.6683333333333333 0.06625 0.08333333333333334 
0 0.38875 0.8683333333333334 0.05 0.08166666666666667 
0 0.895625 0.9058333333333334 0.065 0.08666666666666667 
0 0.03875 0.15916666666666668 0.07375 0.09333333333333334 
0 0.4415625 0.5004166666666667 0.081875 0.0975 
0 0.4575 0.35500000000000004 0.06625 0.085 
0 0.6159375 0.17958333333333334 0.063125 0.0825 
0 0.4890625 0.10916666666666668 0.07187500000000001 0.08666666666666667 
0 0.319375 0.8079166666666667 0.06 0.08083333333333334 
0 0.881875 0.12041666666666667 0.0725 0.08750000000000001 
0 0.51375 0.7816666666666667 0.0575 0.08333333333333334 
0 0.3190625 0.5208333333333334 0.055625 0.06833333333333334 
0 0.851875 0.06541666666666666 0.06625 0.08083333333333334 
0 0.8525 0.38833333333333336 0.07 0.08166666666666667 
0 0.30875 0.9508333333333334 0.07125000000000001 0.085 
0 0.7940625 0.545 0.063125 0.08166666666666667 
0 0.76375 0.29708333333333337 0.06125 0.07583333333333334 
0 0.2828125 0.9104166666666668 0.065625 0.08416666666666667 
0 0.3903125 0.4920833333333334 0.069375 0.09583333333333334 
0 0.7434375 0.5279166666666667 0.061875 0.08750000000000001 
0 0.3728125 0.5308333333333334 0.056875 0.09000000000000001 
3 0.8053125 0.4666666666666667 0.083125 0.09833333333333334 
0 0.0253125 0.47875 0.048125 0.07416666666666667 
0 0.5028125 0.046250000000000006 0.069375 0.09083333333333334 
0 0.8215625 0.115 0.059375000000000004 0.06833333333333334 
0 0.786875 0.4191666666666667 0.06375 0.08333333333333334 
0 0.7678125 0.38125000000000003 0.050625 0.06416666666666668 
0 0.8121875000000001 0.3695833333333334 0.046875 0.0775 
