0 0.1765625 0.8183333333333334 0.065625 0.10666666666666667 
0 0.4909375 0.24416666666666667 0.078125 0.10333333333333335 
0 0.873125 0.07458333333333333 0.07625 0.10083333333333334 
0 0.6196875000000001 0.17375000000000002 0.07187500000000001 0.10416666666666667 
3 0.73625 0.25 0.0975 0.11 
0 0.034375 0.315 0.0675 0.08666666666666667 
0 0.7253125 0.5591666666666667 0.076875 0.10833333333333334 
0 0.110625 0.5858333333333333 0.07375 0.10666666666666667 
0 0.3584375 0.8920833333333333 0.080625 0.10583333333333333 
0 0.145 0.3116666666666667 0.08750000000000001 0.085 
0 0.2025 0.08 0.07875 0.10333333333333335 
0 0.9628125000000001 0.64875 0.07187500000000001 0.10250000000000001 
0 0.24281250000000001 0.51125 0.074375 0.10250000000000001 
0 0.0921875 0.46958333333333335 0.061875 0.08916666666666667 
0 0.1875 0.6625000000000001 0.0675 0.08 
0 0.8103125 0.70625 0.068125 0.1125 
0 0.7384375 0.15625 0.07187500000000001 0.10250000000000001 
0 0.35375 0.7954166666666668 0.0775 0.09583333333333334 
0 0.9221875 0.28375 0.064375 0.09583333333333334 
0 0.3778125 0.5091666666666667 0.074375 0.08833333333333333 
0 0.8678125 0.4133333333333334 0.078125 0.10166666666666667 
0 0.089375 0.23375 0.08125 0.1125 
0 0.16875 0.905 0.07 0.09833333333333334 
0 0.9243750000000001 0.7645833333333334 0.0675 0.10916666666666668 
0 0.37343750000000003 0.30250000000000005 0.074375 0.10333333333333335 
0 0.239375 0.30041666666666667 0.07375 0.11083333333333334 
0 0.4496875 0.43291666666666667 0.079375 0.10583333333333333 
0 0.265625 0.13208333333333333 0.0725 0.09916666666666667 
0 0.4575 0.12083333333333333 0.08125 0.09166666666666667 
0 0.900625 0.5295833333333334 0.065 0.10750000000000001 
0 0.073125 0.12083333333333333 0.07875 0.095 
0 0.231875 0.39916666666666667 0.07 0.10666666666666667 
0 0.51375 0.3454166666666667 0.07875 0.09416666666666668 
0 0.8328125000000001 0.5383333333333333 0.063125 0.10166666666666667 
0 0.410625 0.2041666666666667 0.058750000000000004 0.09333333333333334 
0 0.4875 0.9308333333333334 0.08750000000000001 0.07833333333333334 
0 0.295625 0.34125 0.06375 0.10416666666666667 
0 0.6900000000000001 0.11166666666666668 0.06625 0.12000000000000001 
0 0.38125000000000003 0.40875 0.06875 0.10250000000000001 
0 0.143125 0.15000000000000002 0.0675 0.09333333333333334 
0 0.8628125 0.2525 0.066875 0.1 
0 0.88 0.3383333333333334 0.07875 0.115 
