0 0.8478125 0.28583333333333333 0.065625 0.085 
4 0.3603125 0.10625000000000001 0.080625 0.10416666666666667 
4 0.7978125 0.6858333333333334 0.081875 0.09833333333333334 
0 0.3959375 0.2966666666666667 0.063125 0.08166666666666667 
0 0.7534375 0.28583333333333333 0.069375 0.09833333333333334 
0 0.550625 0.1691666666666667 0.07 0.09333333333333334 
0 0.34625 0.3766666666666667 0.07 0.09333333333333334 
0 0.6859375 0.125 0.068125 0.085 
0 0.0571875 0.26916666666666667 0.063125 0.085 
0 0.0409375 0.49583333333333335 0.064375 0.08166666666666667 
0 0.2371875 0.17458333333333334 0.07187500000000001 0.0975 
0 0.64375 0.19291666666666668 0.0625 0.08416666666666667 
0 0.2046875 0.51625 0.069375 0.08583333333333334 
0 0.6325000000000001 0.4466666666666667 0.06375 0.08 
0 0.343125 0.8425 0.07125000000000001 0.10166666666666667 
0 0.0965625 0.61875 0.063125 0.08083333333333334 
0 0.16625 0.12916666666666668 0.065 0.08666666666666667 
0 0.485 0.5850000000000001 0.07125000000000001 0.08833333333333333 
0 0.71875 0.9404166666666667 0.0625 0.08916666666666667 
0 0.5359375000000001 0.45083333333333336 0.068125 0.08333333333333334 
0 0.041875 0.375 0.06875 0.07833333333333334 
0 0.47750000000000004 0.7375 0.0675 0.08833333333333333 
0 0.249375 0.8766666666666667 0.07125000000000001 0.09166666666666667 
0 0.284375 0.6804166666666667 0.0625 0.0825 
0 0.3440625 0.6987500000000001 0.063125 0.0975 
0 0.436875 0.8929166666666667 0.065 0.10416666666666667 
0 0.505 0.8387500000000001 0.07 0.08916666666666667 
0 0.9246875 0.64625 0.07187500000000001 0.09083333333333334 
0 0.245 0.43333333333333335 0.065 0.08833333333333333 
0 0.9575 0.59125 0.06625 0.08916666666666667 
0 0.6062500000000001 0.11416666666666668 0.07625 0.09333333333333334 
0 0.475625 0.37583333333333335 0.06875 0.08666666666666667 
0 0.8093750000000001 0.5925 0.06875 0.08833333333333333 
0 0.805625 0.86875 0.07125000000000001 0.09083333333333334 
0 0.85 0.05458333333333334 0.07 0.09583333333333334 
0 0.194375 0.3741666666666667 0.06875 0.09000000000000001 
0 0.0846875 0.7708333333333334 0.058125 0.08666666666666667 
0 0.7634375 0.7595833333333334 0.084375 0.07416666666666667 
0 0.785 0.4666666666666667 0.075 0.095 
0 0.0396875 0.6654166666666667 0.07062500000000001 0.0975 
0 0.6759375 0.5487500000000001 0.063125 0.10083333333333334 
0 0.6609375000000001 0.7562500000000001 0.089375 0.0775 
0 0.774375 0.5675 0.0625 0.09833333333333334 
0 0.9234375 0.7079166666666667 0.081875 0.09583333333333334 
0 0.63 0.5875 0.07125000000000001 0.09166666666666667 
0 0.7215625 0.5945833333333334 0.069375 0.09916666666666667 
