0 0.1528125 0.20208333333333334 0.07187500000000001 0.09416666666666668 
4 0.508125 0.4970833333333334 0.06 0.07916666666666668 
0 0.33 0.32 0.05625 0.07833333333333334 
0 0.153125 0.07250000000000001 0.0725 0.09833333333333334 
0 0.805 0.71875 0.0725 0.08916666666666667 
0 0.5493750000000001 0.17833333333333334 0.0675 0.09166666666666667 
0 0.2646875 0.9220833333333334 0.073125 0.08583333333333334 
0 0.631875 0.9183333333333334 0.07875 0.09000000000000001 
0 0.3596875 0.65375 0.075625 0.08750000000000001 
0 0.9209375 0.22375 0.068125 0.07916666666666668 
0 0.7765625 0.3408333333333334 0.059375000000000004 0.07666666666666667 
0 0.2665625 0.23083333333333333 0.073125 0.08166666666666667 
0 0.770625 0.12000000000000001 0.0675 0.085 
0 0.273125 0.0825 0.07375 0.08666666666666667 
0 0.080625 0.33166666666666667 0.0675 0.085 
0 0.7621875 0.5295833333333334 0.066875 0.08750000000000001 
0 0.6721875 0.36208333333333337 0.061875 0.0825 
0 0.90375 0.5895833333333333 0.06625 0.08416666666666667 
0 0.18 0.8770833333333334 0.0725 0.10083333333333334 
0 0.51625 0.6129166666666667 0.06625 0.09250000000000001 
0 0.42312500000000003 0.5725 0.07 0.08333333333333334 
0 0.07625 0.05291666666666667 0.06375 0.0825 
0 0.41250000000000003 0.12375000000000001 0.07375 0.08583333333333334 
0 0.4390625 0.7079166666666667 0.056875 0.07416666666666667 
0 0.2971875 0.8591666666666667 0.07062500000000001 0.08166666666666667 
0 0.5103125000000001 0.7933333333333333 0.07187500000000001 0.09000000000000001 
0 0.19625 0.505 0.075 0.08666666666666667 
0 0.4653125 0.6391666666666667 0.065625 0.085 
0 0.713125 0.4679166666666667 0.07375 0.0975 
0 0.3853125 0.7412500000000001 0.061875 0.08583333333333334 
0 0.9540625 0.3070833333333334 0.061875 0.08583333333333334 
0 0.9031250000000001 0.35083333333333333 0.055 0.06833333333333334 
0 0.13343750000000001 0.4191666666666667 0.060625 0.07666666666666667 
0 0.2421875 0.6608333333333334 0.061875 0.08333333333333334 
0 0.4746875 0.8516666666666667 0.069375 0.08833333333333333 
0 0.610625 0.8470833333333334 0.06 0.08083333333333334 
0 0.5771875 0.6045833333333334 0.051875000000000004 0.07916666666666668 
0 0.336875 0.12083333333333333 0.07625 0.09000000000000001 
0 0.0478125 0.10375000000000001 0.065625 0.0775 
0 0.665 0.14458333333333334 0.075 0.08916666666666667 
0 0.8153125 0.21916666666666668 0.048125 0.06833333333333334 
0 0.22968750000000002 0.4229166666666667 0.068125 0.09916666666666667 
0 0.3434375 0.5525 0.063125 0.08166666666666667 
0 0.886875 0.046250000000000006 0.0575 0.08083333333333334 
0 0.2715625 0.33416666666666667 0.061875 0.07500000000000001 
0 0.7878125 0.8770833333333334 0.068125 0.09250000000000001 
0 0.6621875 0.24083333333333334 0.058125 0.07 
0 0.8721875 0.6854166666666667 0.066875 0.0825 
0 0.7096875 0.08083333333333334 0.054375 0.07833333333333334 
0 0.6278125 0.14750000000000002 0.065625 0.07166666666666667 
0 0.758125 0.19541666666666668 0.06875 0.07416666666666667 
0 0.44375000000000003 0.06708333333333334 0.06375 0.0825 
0 0.1884375 0.6041666666666667 0.056875 0.07166666666666667 
0 0.60875 0.2 0.065 0.08666666666666667 
0 0.7140625 0.24458333333333335 0.054375 0.07583333333333334 
0 0.655 0.0575 0.051250000000000004 0.07 
0 0.1225 0.49125 0.07125000000000001 0.0775 
0 0.735625 0.39125000000000004 0.0475 0.0675 
0 0.286875 0.19583333333333336 0.06375 0.07833333333333334 
0 0.9503125 0.4441666666666667 0.063125 0.08333333333333334 
0 0.7471875 0.9525 0.056875 0.07166666666666667 
0 0.888125 0.2754166666666667 0.0575 0.07250000000000001 
0 0.0684375 0.5416666666666667 0.061875 0.07166666666666667 
0 0.3340625 0.46708333333333335 0.056875 0.07250000000000001 
0 0.5593750000000001 0.28375 0.07125000000000001 0.07250000000000001 
3 0.1946875 0.3916666666666667 0.066875 0.065 
0 0.8234375 0.5766666666666667 0.058125 0.08833333333333333 
0 0.5646875 0.39458333333333334 0.056875 0.0775 
3 0.16875 0.7854166666666668 0.09125 0.10583333333333333 
0 0.4453125 0.9137500000000001 0.048125 0.07083333333333333 
0 0.6184375 0.5004166666666667 0.064375 0.07583333333333334 
0 0.123125 0.5504166666666667 0.0625 0.06583333333333334 
0 0.6453125000000001 0.27958333333333335 0.064375 0.08750000000000001 
0 0.7765625 0.043750000000000004 0.055625 0.07083333333333333 
0 0.885625 0.13958333333333334 0.06625 0.08416666666666667 
0 0.29875 0.6483333333333334 0.051250000000000004 0.07166666666666667 
0 0.546875 0.30333333333333334 0.06 0.085 
0 0.8534375000000001 0.46375000000000005 0.055625 0.07416666666666667 
0 0.8246875 0.8520833333333334 0.055625 0.07583333333333334 
0 0.0934375 0.7195833333333334 0.053125 0.0675 
0 0.84875 0.5258333333333334 0.06 0.07333333333333333 
0 0.6481250000000001 0.4354166666666667 0.0525 0.08083333333333334 
0 0.0475 0.6495833333333334 0.04625 0.0675 
0 0.654375 0.5870833333333334 0.0575 0.0625 
0 0.4128125 0.47000000000000003 0.058125 0.08666666666666667 
0 0.43343750000000003 0.7933333333333333 0.059375000000000004 0.07166666666666667 
0 0.888125 0.9479166666666667 0.06 0.0675 
0 0.8525 0.90375 0.05375 0.06583333333333334 
0 0.606875 0.5958333333333333 0.0525 0.06666666666666667 
0 0.1896875 0.4691666666666667 0.059375000000000004 0.07 
0 0.6309375 0.4041666666666667 0.058125 0.08 
0 0.600625 0.4429166666666667 0.065 0.07416666666666667 
1 0.3725 0.4416666666666667 0.06 0.09833333333333334 
0 0.3065625 0.51375 0.066875 0.07583333333333334 
0 0.3165625 0.5458333333333334 0.055625 0.07500000000000001 
0 0.44125000000000003 0.4979166666666667 0.05 0.0625 
0 0.0425 0.23875000000000002 0.04875 0.07416666666666667 
0 0.5 0.9516666666666668 0.05375 0.05666666666666667 
0 0.7925 0.615 0.07 0.085 
0 0.589375 0.34458333333333335 0.05375 0.05916666666666667 
0 0.2471875 0.2891666666666667 0.051875000000000004 0.06833333333333334 
0 0.8471875 0.61375 0.045625 0.07250000000000001 
