0 0.3403125 0.5800000000000001 0.068125 0.08333333333333334 
0 0.7571875 0.28125 0.073125 0.10250000000000001 
0 0.5990625 0.16291666666666668 0.061875 0.08583333333333334 
0 0.2496875 0.11708333333333334 0.063125 0.08083333333333334 
0 0.1471875 0.43375 0.07187500000000001 0.09250000000000001 
0 0.15875 0.13583333333333333 0.0725 0.09166666666666667 
0 0.2721875 0.545 0.065625 0.08666666666666667 
0 0.2078125 0.86875 0.059375000000000004 0.08416666666666667 
0 0.9471875000000001 0.555 0.064375 0.085 
0 0.6034375 0.9120833333333334 0.064375 0.08416666666666667 
0 0.7009375 0.50375 0.065625 0.08750000000000001 
3 0.39687500000000003 0.9316666666666668 0.0725 0.10500000000000001 
0 0.6578125 0.54625 0.058125 0.07416666666666667 
0 0.34218750000000003 0.20875000000000002 0.060625 0.0775 
0 0.2315625 0.7400000000000001 0.060625 0.085 
0 0.06125 0.14041666666666666 0.06875 0.07583333333333334 
0 0.135 0.9358333333333334 0.065 0.08666666666666667 
0 0.06875 0.26958333333333334 0.05375 0.08083333333333334 
0 0.055 0.9166666666666667 0.07 0.085 
0 0.94375 0.8079166666666667 0.06 0.08083333333333334 
0 0.43875000000000003 0.6991666666666667 0.06125 0.07833333333333334 
0 0.2721875 0.8612500000000001 0.061875 0.08083333333333334 
3 0.5440625 0.19625 0.076875 0.09916666666666667 
0 0.7778125 0.6620833333333334 0.068125 0.08416666666666667 
0 0.889375 0.49500000000000005 0.07 0.08666666666666667 
0 0.1584375 0.3191666666666667 0.061875 0.09166666666666667 
0 0.5553125 0.6191666666666668 0.048125 0.07166666666666667 
0 0.596875 0.6804166666666667 0.06125 0.0825 
0 0.966875 0.2025 0.058750000000000004 0.07833333333333334 
0 0.57375 0.5454166666666667 0.0625 0.07416666666666667 
0 0.87875 0.7262500000000001 0.058750000000000004 0.07916666666666668 
0 0.7040625 0.051250000000000004 0.064375 0.07083333333333333 
0 0.3434375 0.8366666666666667 0.060625 0.11666666666666667 
0 0.589375 0.39583333333333337 0.06625 0.09000000000000001 
0 0.205625 0.28500000000000003 0.058750000000000004 0.07833333333333334 
0 0.9334375 0.7300000000000001 0.064375 0.09000000000000001 
0 0.3284375 0.6616666666666667 0.064375 0.07500000000000001 
0 0.6687500000000001 0.6579166666666667 0.06125 0.08583333333333334 
0 0.4225 0.2529166666666667 0.06875 0.08916666666666667 
0 0.251875 0.36583333333333334 0.06125 0.06833333333333334 
0 0.1328125 0.6970833333333334 0.061875 0.09416666666666668 
0 0.268125 0.4579166666666667 0.06 0.07250000000000001 
0 0.8034375 0.0675 0.055625 0.09166666666666667 
0 0.4703125 0.42000000000000004 0.056875 0.07 
0 0.4453125 0.7608333333333334 0.055625 0.07 
0 0.0809375 0.22166666666666668 0.065625 0.09000000000000001 
0 0.5421875 0.39 0.065625 0.09000000000000001 
0 0.84375 0.5583333333333333 0.06 0.07666666666666667 
0 0.6221875 0.5945833333333334 0.066875 0.08583333333333334 
0 0.7490625 0.9537500000000001 0.066875 0.07250000000000001 
0 0.52 0.34375 0.065 0.08916666666666667 
0 0.1965625 0.36083333333333334 0.060625 0.06833333333333334 
0 0.8890625 0.8387500000000001 0.068125 0.08416666666666667 
1 0.879375 0.26166666666666666 0.0675 0.095 
0 0.916875 0.11875000000000001 0.058750000000000004 0.08083333333333334 
0 0.5184375 0.07333333333333333 0.048125 0.08833333333333333 
0 0.6209375 0.4241666666666667 0.054375 0.07 
0 0.0625 0.45875000000000005 0.0575 0.0975 
0 0.310625 0.4316666666666667 0.05375 0.07666666666666667 
0 0.6578125 0.30541666666666667 0.061875 0.06916666666666667 
0 0.2365625 0.6645833333333334 0.053125 0.07083333333333333 
0 0.19062500000000002 0.7058333333333334 0.0575 0.08333333333333334 
0 0.888125 0.32208333333333333 0.055 0.08083333333333334 
0 0.496875 0.7929166666666667 0.0525 0.06916666666666667 
0 0.8615625 0.9333333333333333 0.078125 0.060000000000000005 
0 0.5196875 0.7333333333333334 0.056875 0.07166666666666667 
0 0.08875 0.07041666666666667 0.05375 0.06583333333333334 
0 0.3671875 0.14 0.050625 0.06833333333333334 
0 0.5359375000000001 0.8479166666666668 0.07187500000000001 0.07416666666666667 
0 0.5534375 0.7033333333333334 0.068125 0.07333333333333333 
0 0.374375 0.07458333333333333 0.06 0.0775 
0 0.1459375 0.051250000000000004 0.058125 0.08083333333333334 
0 0.214375 0.04041666666666667 0.0625 0.0775 
0 0.1 0.49750000000000005 0.0525 0.07333333333333333 
0 0.15 0.8395833333333333 0.05 0.07416666666666667 
0 0.7025 0.6858333333333334 0.05 0.07333333333333333 
0 0.38656250000000003 0.42833333333333334 0.060625 0.06166666666666667 
0 0.1940625 0.6316666666666667 0.060625 0.07 
0 0.510625 0.9550000000000001 0.0725 0.09000000000000001 
0 0.8478125 0.7895833333333334 0.061875 0.06583333333333334 
0 0.8784375 0.8083333333333333 0.063125 0.09666666666666668 
0 0.824375 0.6229166666666667 0.0525 0.0625 
0 0.6821875000000001 0.42708333333333337 0.058125 0.08416666666666667 
0 0.660625 0.38958333333333334 0.043750000000000004 0.0775 
0 0.49593750000000003 0.16583333333333333 0.056875 0.07333333333333333 
0 0.39156250000000004 0.22791666666666668 0.046875 0.08583333333333334 
0 0.4796875 0.23833333333333334 0.061875 0.06833333333333334 
0 0.5203125 0.30625 0.059375000000000004 0.08916666666666667 
0 0.470625 0.30208333333333337 0.0725 0.05916666666666667 
0 0.90125 0.28833333333333333 0.055 0.07500000000000001 
0 0.84 0.30291666666666667 0.04625 0.07916666666666668 
0 0.8184375 0.2541666666666667 0.048125 0.07500000000000001 
0 0.9125 0.40625 0.04875 0.08083333333333334 
0 0.93625 0.4766666666666667 0.06 0.06833333333333334 
0 0.88125 0.4370833333333334 0.0525 0.0825 
0 0.963125 0.6675000000000001 0.05 0.07 
0 0.874375 0.6475000000000001 0.0475 0.07333333333333333 
0 0.89 0.6141666666666667 0.051250000000000004 0.07 
0 0.6062500000000001 0.7625000000000001 0.04625 0.07 
0 0.6421875 0.7175 0.061875 0.07666666666666667 
0 0.0278125 0.5420833333333334 0.046875 0.05583333333333334 
0 0.045625 0.6575000000000001 0.04625 0.09333333333333334 
0 0.091875 0.7066666666666667 0.03375 0.09833333333333334 
0 0.35000000000000003 0.025833333333333337 0.0525 0.04833333333333334 
