0 0.049375 0.275 0.08875 0.09166666666666667 
0 0.42625 0.26375000000000004 0.06875 0.0975 
0 0.6209375 0.07208333333333333 0.083125 0.10916666666666668 
0 0.90625 0.27625 0.08875 0.10750000000000001 
0 0.6259375 0.23083333333333333 0.079375 0.12166666666666667 
0 0.1771875 0.81 0.078125 0.12000000000000001 
0 0.0684375 0.41833333333333333 0.076875 0.11166666666666668 
0 0.405 0.6629166666666667 0.08375 0.10750000000000001 
0 0.5665625 0.6870833333333334 0.078125 0.10416666666666667 
0 0.5734375 0.8366666666666667 0.079375 0.11166666666666668 
0 0.6840625 0.6554166666666668 0.079375 0.09583333333333334 
0 0.858125 0.67625 0.08375 0.10250000000000001 
0 0.9334375 0.76875 0.078125 0.10083333333333334 
