0 0.9059375000000001 0.63 0.07187500000000001 0.095 
0 0.64125 0.6854166666666667 0.07875 0.10250000000000001 
0 0.351875 0.3404166666666667 0.075 0.09583333333333334 
0 0.3315625 0.23750000000000002 0.073125 0.095 
0 0.788125 0.2675 0.0775 0.10166666666666667 
0 0.629375 0.8066666666666668 0.0775 0.09333333333333334 
0 0.7196875 0.8325 0.068125 0.08666666666666667 
0 0.23 0.7475 0.07375 0.09666666666666668 
0 0.1078125 0.07583333333333334 0.081875 0.09000000000000001 
0 0.044375 0.22208333333333335 0.08875 0.10416666666666667 
0 0.2334375 0.8491666666666667 0.078125 0.09166666666666667 
0 0.7409375 0.06333333333333334 0.069375 0.09666666666666668 
0 0.9215625000000001 0.16708333333333333 0.074375 0.0825 
0 0.6271875 0.3804166666666667 0.075625 0.08083333333333334 
0 0.0921875 0.4054166666666667 0.073125 0.10416666666666667 
0 0.20875 0.48250000000000004 0.07625 0.12333333333333334 
0 0.195 0.2941666666666667 0.07875 0.08833333333333333 
0 0.109375 0.4675 0.07 0.10166666666666667 
0 0.595 0.7816666666666667 0.07625 0.09000000000000001 
0 0.18281250000000002 0.09291666666666668 0.068125 0.0975 
0 0.5 0.8812500000000001 0.06625 0.0975 
0 0.3296875 0.8391666666666667 0.075625 0.10333333333333335 
0 0.07906250000000001 0.14458333333333334 0.075625 0.09916666666666667 
0 0.816875 0.7995833333333334 0.07625 0.08916666666666667 
0 0.5009375 0.7775000000000001 0.07062500000000001 0.09166666666666667 
0 0.4446875 0.12125000000000001 0.078125 0.10750000000000001 
0 0.5325 0.6641666666666667 0.07625 0.10333333333333335 
0 0.8540625000000001 0.21416666666666667 0.079375 0.1 
0 0.6218750000000001 0.15916666666666668 0.0825 0.09666666666666668 
0 0.4346875 0.8666666666666667 0.068125 0.1 
0 0.075 0.6720833333333334 0.08125 0.0975 
0 0.43625 0.21708333333333335 0.0725 0.08750000000000001 
0 0.9221875 0.7525000000000001 0.073125 0.09666666666666668 
0 0.51125 0.5370833333333334 0.07125000000000001 0.08416666666666667 
0 0.875625 0.11708333333333334 0.07375 0.09250000000000001 
0 0.1953125 0.8808333333333334 0.076875 0.09333333333333334 
0 0.2515625 0.05416666666666667 0.08687500000000001 0.08166666666666667 
0 0.09125 0.9154166666666668 0.0675 0.09583333333333334 
0 0.27 0.6883333333333334 0.07625 0.09333333333333334 
0 0.49593750000000003 0.065 0.065625 0.08833333333333333 
0 0.37125 0.10291666666666667 0.065 0.10250000000000001 
0 0.80125 0.7091666666666667 0.07875 0.09166666666666667 
0 0.1296875 0.8458333333333334 0.074375 0.1 
0 0.8325 0.6295833333333334 0.075 0.09416666666666668 
0 0.1546875 0.22416666666666668 0.060625 0.09333333333333334 
0 0.669375 0.37000000000000005 0.06875 0.1 
0 0.373125 0.7512500000000001 0.0725 0.07583333333333334 
0 0.8025 0.64375 0.0725 0.10916666666666668 
0 0.038125 0.34458333333333335 0.07625 0.0975 
0 0.7359375 0.6112500000000001 0.068125 0.09250000000000001 
0 0.3128125 0.7991666666666667 0.078125 0.10333333333333335 
2 0.3246875 0.6883333333333334 0.085625 0.12166666666666667 
0 0.7371875 0.7462500000000001 0.064375 0.09083333333333334 
0 0.4084375 0.9529166666666667 0.073125 0.09416666666666668 
0 0.203125 0.1366666666666667 0.085 0.10333333333333335 
0 0.8484375000000001 0.9145833333333334 0.075625 0.10083333333333334 
0 0.738125 0.5704166666666667 0.065 0.08916666666666667 
0 0.868125 0.9266666666666667 0.07375 0.09166666666666667 
