0 0.0484375 0.44625000000000004 0.074375 0.10416666666666667 
0 0.2609375 0.7925000000000001 0.075625 0.08666666666666667 
0 0.141875 0.59375 0.07625 0.10416666666666667 
0 0.245625 0.6312500000000001 0.0775 0.09250000000000001 
0 0.716875 0.8029166666666667 0.07625 0.11416666666666668 
0 0.264375 0.7054166666666667 0.08 0.09083333333333334 
0 0.9603125 0.8716666666666667 0.07187500000000001 0.10333333333333335 
0 0.9153125 0.6991666666666667 0.079375 0.09833333333333334 
0 0.16375 0.8962500000000001 0.0675 0.11583333333333334 
0 0.62375 0.05791666666666667 0.0725 0.09083333333333334 
0 0.100625 0.7791666666666667 0.08625000000000001 0.09333333333333334 
0 0.2321875 0.4420833333333334 0.085625 0.09416666666666668 
0 0.20125 0.35125 0.07875 0.11583333333333334 
0 0.1940625 0.685 0.075625 0.10666666666666667 
0 0.0503125 0.9154166666666668 0.066875 0.09916666666666667 
0 0.7515625 0.6441666666666667 0.07062500000000001 0.095 
0 0.3378125 0.49750000000000005 0.075625 0.10666666666666667 
0 0.6778125 0.3591666666666667 0.068125 0.09166666666666667 
0 0.9578125000000001 0.49125 0.069375 0.10416666666666667 
0 0.7546875000000001 0.9429166666666667 0.074375 0.09916666666666667 
0 0.7953125 0.42625 0.083125 0.12083333333333333 
0 0.91125 0.39375000000000004 0.0825 0.11583333333333334 
6 0.6771875 0.21416666666666667 0.066875 0.085 
0 0.8921875 0.9283333333333333 0.08687500000000001 0.10666666666666667 
0 0.75125 0.22333333333333336 0.0825 0.07833333333333334 
0 0.25875 0.33166666666666667 0.0675 0.10833333333333334 
0 0.29875 0.38833333333333336 0.0725 0.1 
0 0.2490625 0.5241666666666667 0.084375 0.09166666666666667 
0 0.8478125 0.6370833333333333 0.088125 0.08416666666666667 
0 0.75875 0.7250000000000001 0.08875 0.08666666666666667 
0 0.10250000000000001 0.9016666666666667 0.05375 0.10333333333333335 
0 0.855625 0.75 0.07625 0.08666666666666667 
0 0.22 0.87375 0.065 0.11583333333333334 
0 0.6275000000000001 0.2804166666666667 0.07375 0.12416666666666668 
0 0.8753125 0.46416666666666667 0.081875 0.12000000000000001 
0 0.9478125000000001 0.7833333333333334 0.093125 0.085 
0 0.96125 0.6050000000000001 0.0775 0.10333333333333335 
0 0.3946875 0.9420833333333334 0.073125 0.11083333333333334 
