0 0.2921875 0.7320833333333334 0.07187500000000001 0.09416666666666668 
0 0.11750000000000001 0.4441666666666667 0.0625 0.085 
0 0.2778125 0.8533333333333334 0.068125 0.07666666666666667 
0 0.9028125 0.09583333333333334 0.064375 0.08333333333333334 
0 0.4146875 0.48875 0.078125 0.09916666666666667 
0 0.3871875 0.6520833333333333 0.065625 0.0825 
0 0.79625 0.7441666666666668 0.06375 0.08166666666666667 
0 0.3296875 0.2791666666666667 0.059375000000000004 0.08 
0 0.33875 0.5041666666666667 0.058750000000000004 0.08333333333333334 
0 0.4765625 0.1729166666666667 0.063125 0.0775 
0 0.073125 0.9241666666666667 0.07625 0.09666666666666668 
0 0.5584375 0.2054166666666667 0.078125 0.09583333333333334 
0 0.4546875 0.7075 0.068125 0.09000000000000001 
0 0.25875 0.5779166666666667 0.08375 0.09916666666666667 
0 0.33 0.5958333333333333 0.06375 0.08833333333333333 
0 0.4678125 0.36250000000000004 0.080625 0.11 
0 0.0778125 0.7875000000000001 0.064375 0.08833333333333333 
0 0.128125 0.6012500000000001 0.07625 0.09083333333333334 
0 0.910625 0.6095833333333334 0.06375 0.08750000000000001 
0 0.9590625 0.29708333333333337 0.061875 0.08416666666666667 
0 0.59875 0.13083333333333333 0.07375 0.08833333333333333 
0 0.7971875 0.45833333333333337 0.081875 0.09666666666666668 
0 0.5946875 0.9437500000000001 0.079375 0.09916666666666667 
0 0.2803125 0.3070833333333334 0.059375000000000004 0.08583333333333334 
0 0.8996875 0.2991666666666667 0.075625 0.1 
0 0.42375 0.7875000000000001 0.07375 0.10166666666666667 
0 0.6553125 0.32833333333333337 0.064375 0.09000000000000001 
0 0.35531250000000003 0.18791666666666668 0.065625 0.0975 
0 0.7778125 0.2329166666666667 0.055625 0.0775 
0 0.7121875 0.3816666666666667 0.076875 0.10333333333333335 
0 0.4196875 0.21958333333333335 0.076875 0.09416666666666668 
0 0.1946875 0.16291666666666668 0.069375 0.08083333333333334 
0 0.5875 0.85375 0.07625 0.08916666666666667 
0 0.74375 0.1704166666666667 0.06875 0.08583333333333334 
0 0.8265625 0.12083333333333333 0.073125 0.08833333333333333 
0 0.6540625 0.0975 0.064375 0.08 
0 0.4834375 0.8816666666666667 0.07187500000000001 0.08833333333333333 
0 0.6596875 0.45625000000000004 0.076875 0.12416666666666668 
0 0.78 0.10625000000000001 0.07375 0.10416666666666667 
0 0.6753125 0.22833333333333336 0.066875 0.09666666666666668 
0 0.2778125 0.5120833333333333 0.066875 0.09416666666666668 
0 0.6950000000000001 0.24000000000000002 0.0725 0.07666666666666667 
0 0.9459375 0.3916666666666667 0.078125 0.10166666666666667 
0 0.8821875 0.3829166666666667 0.064375 0.0825 
0 0.3909375 0.9204166666666668 0.07062500000000001 0.09416666666666668 
0 0.1946875 0.6495833333333334 0.085625 0.10250000000000001 
0 0.83625 0.29458333333333336 0.07375 0.09583333333333334 
0 0.3965625 0.06375 0.07062500000000001 0.08916666666666667 
0 0.3678125 0.8216666666666668 0.076875 0.09333333333333334 
0 0.169375 0.5066666666666667 0.0625 0.07666666666666667 
0 0.231875 0.90375 0.06875 0.0775 
0 0.91625 0.6900000000000001 0.065 0.08166666666666667 
0 0.71 0.6891666666666667 0.06375 0.095 
0 0.6900000000000001 0.12375000000000001 0.06625 0.10583333333333333 
0 0.063125 0.4866666666666667 0.07125000000000001 0.08333333333333334 
0 0.18 0.42458333333333337 0.07 0.08750000000000001 
0 0.0371875 0.7108333333333334 0.068125 0.1 
0 0.3096875 0.43375 0.053125 0.07583333333333334 
1 0.658125 0.8087500000000001 0.07375 0.09250000000000001 
0 0.7696875 0.058333333333333334 0.07187500000000001 0.09833333333333334 
0 0.7584375 0.5479166666666667 0.066875 0.09250000000000001 
1 0.8590625000000001 0.925 0.074375 0.11833333333333335 
0 0.49843750000000003 0.7916666666666667 0.065625 0.10500000000000001 
0 0.9584375 0.8345833333333333 0.064375 0.0825 
0 0.6546875 0.7254166666666667 0.063125 0.0775 
0 0.3275 0.09000000000000001 0.0725 0.10500000000000001 
0 0.1153125 0.30000000000000004 0.079375 0.08 
0 0.0365625 0.4466666666666667 0.073125 0.095 
0 0.21156250000000001 0.2841666666666667 0.07187500000000001 0.10333333333333335 
0 0.1909375 0.5720833333333334 0.063125 0.09250000000000001 
0 0.42375 0.08416666666666667 0.0725 0.09833333333333334 
0 0.9134375 0.46125000000000005 0.068125 0.09083333333333334 
0 0.238125 0.09958333333333334 0.06375 0.07250000000000001 
0 0.2578125 0.18208333333333335 0.066875 0.09583333333333334 
0 0.419375 0.9391666666666667 0.0725 0.09666666666666668 
0 0.915 0.5125000000000001 0.06375 0.08 
0 0.905 0.7633333333333334 0.075 0.10333333333333335 
0 0.9606250000000001 0.7220833333333334 0.065 0.07083333333333333 
5 0.5940625 0.6879166666666667 0.07062500000000001 0.08916666666666667 
0 0.8653125 0.42750000000000005 0.069375 0.07333333333333333 
0 0.3153125 0.10333333333333335 0.07187500000000001 0.1 
1 0.065625 0.6054166666666667 0.0825 0.1375 
1 0.09375 0.09541666666666668 0.09125 0.09083333333333334 
1 0.5328125 0.6845833333333334 0.081875 0.11083333333333334 
0 0.789375 0.5120833333333333 0.08125 0.09083333333333334 
1 0.1925 0.3591666666666667 0.0825 0.09833333333333334 
0 0.720625 0.60875 0.05625 0.09083333333333334 
0 0.5353125 0.8229166666666667 0.065625 0.08416666666666667 
0 0.21125 0.40958333333333335 0.06625 0.08916666666666667 
0 0.2628125 0.3579166666666667 0.063125 0.09250000000000001 
0 0.2621875 0.39208333333333334 0.066875 0.08583333333333334 
0 0.25125000000000003 0.21208333333333335 0.06125 0.09250000000000001 
0 0.661875 0.6741666666666667 0.058750000000000004 0.07833333333333334 
0 0.6253125 0.80625 0.068125 0.09083333333333334 
0 0.155 0.29708333333333337 0.058750000000000004 0.06916666666666667 
