0 0.1965625 0.12000000000000001 0.083125 0.08666666666666667 
0 0.8675 0.3016666666666667 0.0775 0.10500000000000001 
0 0.0903125 0.6458333333333334 0.079375 0.10500000000000001 
0 0.135625 0.41708333333333336 0.07625 0.09250000000000001 
0 0.8596875 0.6162500000000001 0.063125 0.08750000000000001 
0 0.8668750000000001 0.40708333333333335 0.085 0.09916666666666667 
0 0.8896875 0.8508333333333334 0.079375 0.11166666666666668 
0 0.9434375 0.6383333333333334 0.076875 0.11833333333333335 
0 0.411875 0.77875 0.0675 0.09250000000000001 
0 0.7228125 0.4629166666666667 0.069375 0.10416666666666667 
0 0.179375 0.9029166666666667 0.07125000000000001 0.10083333333333334 
0 0.0771875 0.5291666666666667 0.076875 0.09666666666666668 
0 0.455 0.6291666666666667 0.0775 0.085 
6 0.3725 0.21666666666666667 0.08375 0.11833333333333335 
0 0.7871875 0.19625 0.073125 0.11083333333333334 
0 0.47000000000000003 0.1704166666666667 0.06875 0.09083333333333334 
0 0.226875 0.5225000000000001 0.07875 0.09833333333333334 
0 0.613125 0.6195833333333334 0.075 0.09083333333333334 
0 0.39875 0.4420833333333334 0.08750000000000001 0.09083333333333334 
0 0.5181250000000001 0.36833333333333335 0.07 0.09833333333333334 
0 0.3321875 0.1125 0.083125 0.08333333333333334 
0 0.7990625 0.8183333333333334 0.075625 0.09666666666666668 
0 0.6453125000000001 0.27375 0.07062500000000001 0.08916666666666667 
0 0.0721875 0.8450000000000001 0.080625 0.10833333333333334 
0 0.83125 0.49375 0.08125 0.11083333333333334 
0 0.2765625 0.9487500000000001 0.07062500000000001 0.09416666666666668 
0 0.59 0.47708333333333336 0.0675 0.10250000000000001 
0 0.6528125 0.46166666666666667 0.069375 0.10500000000000001 
0 0.405625 0.11666666666666667 0.06375 0.11166666666666668 
0 0.0640625 0.38083333333333336 0.079375 0.10166666666666667 
0 0.8931250000000001 0.7291666666666667 0.0725 0.11 
0 0.5796875 0.9233333333333333 0.073125 0.10500000000000001 
0 0.10312500000000001 0.14541666666666667 0.075 0.10250000000000001 
0 0.7653125000000001 0.6533333333333333 0.083125 0.12166666666666667 
0 0.6171875 0.7095833333333333 0.076875 0.09583333333333334 
0 0.380625 0.5925 0.08750000000000001 0.10500000000000001 
0 0.3671875 0.31708333333333333 0.081875 0.060833333333333336 
0 0.7246875 0.8633333333333334 0.074375 0.09166666666666667 
0 0.251875 0.8391666666666667 0.07625 0.08333333333333334 
0 0.135 0.28708333333333336 0.0625 0.08416666666666667 
