0 0.1140625 0.4741666666666667 0.07187500000000001 0.08833333333333333 
0 0.8103125 0.7445833333333334 0.059375000000000004 0.07916666666666668 
0 0.18 0.7875000000000001 0.06125 0.08333333333333334 
0 0.4096875 0.2404166666666667 0.059375000000000004 0.0775 
4 0.70875 0.8766666666666667 0.0725 0.10500000000000001 
0 0.94875 0.6883333333333334 0.065 0.08833333333333333 
0 0.7046875 0.7262500000000001 0.065625 0.0825 
0 0.1128125 0.8895833333333334 0.075625 0.09916666666666667 
0 0.0903125 0.66125 0.056875 0.08416666666666667 
0 0.7725 0.5645833333333333 0.065 0.08750000000000001 
0 0.0503125 0.5033333333333334 0.061875 0.08666666666666667 
0 0.9209375 0.5608333333333334 0.051875000000000004 0.08333333333333334 
0 0.6315625 0.8450000000000001 0.07062500000000001 0.09333333333333334 
0 0.8375 0.6725000000000001 0.06125 0.08333333333333334 
4 0.2378125 0.5545833333333333 0.074375 0.10916666666666668 
0 0.448125 0.61 0.07 0.09333333333333334 
0 0.8278125000000001 0.26375000000000004 0.07187500000000001 0.08416666666666667 
0 0.12875 0.3591666666666667 0.0625 0.08666666666666667 
0 0.23500000000000001 0.9500000000000001 0.0625 0.07500000000000001 
0 0.8234375 0.9316666666666668 0.060625 0.08333333333333334 
0 0.0346875 0.8237500000000001 0.055625 0.08083333333333334 
0 0.5875 0.3529166666666667 0.0625 0.09916666666666667 
0 0.7134375000000001 0.2016666666666667 0.064375 0.09333333333333334 
0 0.18875 0.4783333333333334 0.06 0.08833333333333333 
0 0.831875 0.36833333333333335 0.0675 0.08833333333333333 
0 0.7734375 0.84125 0.060625 0.08416666666666667 
0 0.85875 0.5520833333333334 0.06625 0.07416666666666667 
0 0.6490625 0.38208333333333333 0.068125 0.09416666666666668 
0 0.9475 0.2329166666666667 0.0725 0.08583333333333334 
0 0.8828125 0.15625 0.069375 0.08583333333333334 
0 0.586875 0.15291666666666667 0.07 0.0825 
4 0.5225 0.36375 0.07125000000000001 0.1125 
0 0.348125 0.8454166666666667 0.065 0.09083333333333334 
0 0.264375 0.255 0.07375 0.09000000000000001 
0 0.7753125000000001 0.29958333333333337 0.058125 0.08583333333333334 
0 0.23625000000000002 0.09708333333333334 0.065 0.0775 
0 0.92 0.9020833333333333 0.07125000000000001 0.09416666666666668 
0 0.700625 0.5641666666666667 0.05625 0.07833333333333334 
0 0.663125 0.6050000000000001 0.065 0.085 
0 0.38 0.06291666666666668 0.06125 0.09250000000000001 
0 0.0928125 0.28375 0.065625 0.08416666666666667 
0 0.8696875000000001 0.05791666666666667 0.060625 0.09250000000000001 
0 0.2740625 0.4658333333333334 0.065625 0.08333333333333334 
0 0.5515625000000001 0.07833333333333334 0.061875 0.095 
0 0.4090625 0.8608333333333333 0.054375 0.09000000000000001 
0 0.04125 0.052083333333333336 0.06875 0.09250000000000001 
0 0.3115625 0.7695833333333334 0.069375 0.09083333333333334 
0 0.2071875 0.3383333333333334 0.068125 0.08333333333333334 
0 0.29125 0.805 0.06125 0.07500000000000001 
0 0.22718750000000001 0.275 0.064375 0.085 
0 0.336875 0.06416666666666668 0.065 0.09166666666666667 
4 0.33 0.18333333333333335 0.07875 0.11 
0 0.3625 0.3175 0.07625 0.12333333333333334 
0 0.2940625 0.16833333333333333 0.074375 0.14 
0 0.8396875 0.07375000000000001 0.060625 0.09083333333333334 
0 0.0278125 0.6516666666666667 0.054375 0.085 
0 0.3640625 0.9550000000000001 0.061875 0.08666666666666667 
0 0.9565625 0.04125 0.065625 0.0825 
0 0.4115625 0.31125 0.080625 0.10583333333333333 
