0 0.93375 0.4575 0.0625 0.09333333333333334 
0 0.36125 0.2904166666666667 0.075 0.08916666666666667 
0 0.9228125 0.8579166666666668 0.064375 0.08750000000000001 
0 0.89875 0.36125 0.0625 0.08750000000000001 
0 0.5434375 0.0775 0.064375 0.08666666666666667 
0 0.0753125 0.8933333333333334 0.076875 0.09666666666666668 
0 0.3796875 0.8054166666666667 0.063125 0.08916666666666667 
0 0.6315625 0.43875000000000003 0.063125 0.08416666666666667 
0 0.45625 0.7416666666666667 0.0675 0.08333333333333334 
0 0.3103125 0.3479166666666667 0.07062500000000001 0.09250000000000001 
0 0.2596875 0.41708333333333336 0.061875 0.09416666666666668 
0 0.7396875 0.8325 0.061875 0.08666666666666667 
0 0.0778125 0.5408333333333334 0.065625 0.08 
0 0.7178125 0.7170833333333334 0.07062500000000001 0.08583333333333334 
0 0.666875 0.51125 0.0625 0.08750000000000001 
0 0.4903125 0.8975000000000001 0.07062500000000001 0.09166666666666667 
0 0.758125 0.935 0.07 0.07666666666666667 
0 0.8359375 0.3529166666666667 0.068125 0.09583333333333334 
0 0.133125 0.25125000000000003 0.06375 0.09416666666666668 
0 0.6721875 0.31958333333333333 0.061875 0.08083333333333334 
0 0.67875 0.7987500000000001 0.0675 0.08750000000000001 
0 0.951875 0.6025 0.06 0.08166666666666667 
0 0.4 0.57875 0.0625 0.09083333333333334 
0 0.22875 0.21583333333333335 0.0675 0.09833333333333334 
0 0.06625 0.40750000000000003 0.065 0.08333333333333334 
0 0.615625 0.9320833333333334 0.06375 0.09416666666666668 
0 0.5303125 0.32 0.07062500000000001 0.08833333333333333 
0 0.7328125 0.46875000000000006 0.068125 0.08750000000000001 
0 0.1078125 0.052083333333333336 0.065625 0.09250000000000001 
0 0.70375 0.6025 0.06 0.10166666666666667 
0 0.37343750000000003 0.4104166666666667 0.061875 0.10250000000000001 
0 0.34125 0.7145833333333333 0.07625 0.08416666666666667 
0 0.5821875 0.23375 0.064375 0.0825 
0 0.5925 0.6966666666666667 0.06625 0.09333333333333334 
0 0.22625 0.7350000000000001 0.0625 0.08666666666666667 
0 0.1465625 0.41625 0.066875 0.09416666666666668 
0 0.795 0.4404166666666667 0.06125 0.08750000000000001 
0 0.280625 0.5925 0.07375 0.08333333333333334 
0 0.6371875 0.09166666666666667 0.07187500000000001 0.09000000000000001 
0 0.111875 0.6458333333333334 0.0625 0.08333333333333334 
0 0.583125 0.5808333333333334 0.06875 0.09666666666666668 
0 0.8603125 0.43625 0.061875 0.08750000000000001 
0 0.3303125 0.4345833333333334 0.061875 0.0675 
0 0.26625 0.7775000000000001 0.06125 0.085 
0 0.354375 0.8870833333333333 0.07 0.0825 
0 0.048125 0.6404166666666667 0.0575 0.08583333333333334 
0 0.4246875 0.8383333333333334 0.060625 0.09333333333333334 
0 0.7465625 0.57625 0.061875 0.09583333333333334 
0 0.16 0.11833333333333335 0.0625 0.09000000000000001 
0 0.43843750000000004 0.67 0.056875 0.07500000000000001 
0 0.8 0.06833333333333334 0.051250000000000004 0.07500000000000001 
0 0.7640625 0.3829166666666667 0.064375 0.08916666666666667 
0 0.5025000000000001 0.4154166666666667 0.06375 0.09416666666666668 
0 0.9615625 0.27666666666666667 0.068125 0.095 
0 0.359375 0.10416666666666667 0.0625 0.085 
0 0.8009375 0.5316666666666667 0.055625 0.06833333333333334 
0 0.19593750000000001 0.40458333333333335 0.054375 0.10416666666666667 
0 0.1521875 0.8808333333333334 0.061875 0.07333333333333333 
0 0.8478125 0.10416666666666667 0.065625 0.10166666666666667 
0 0.7021875 0.9358333333333334 0.063125 0.10833333333333334 
0 0.5609375 0.5270833333333333 0.061875 0.0775 
0 0.18 0.61875 0.06375 0.0975 
4 0.511875 0.665 0.06125 0.09333333333333334 
4 0.5465625000000001 0.43083333333333335 0.07187500000000001 0.09166666666666667 
0 0.6118750000000001 0.037083333333333336 0.06125 0.0675 
