0 0.513125 0.8700000000000001 0.07 0.08666666666666667 
0 0.9328125 0.6591666666666667 0.066875 0.08666666666666667 
0 0.420625 0.09833333333333334 0.07375 0.095 
0 0.3971875 0.6075 0.060625 0.08666666666666667 
0 0.141875 0.6325000000000001 0.06 0.095 
0 0.16375 0.17875000000000002 0.0725 0.08916666666666667 
0 0.255 0.19708333333333333 0.06375 0.07583333333333334 
0 0.7684375 0.2879166666666667 0.058125 0.0775 
0 0.2134375 0.6737500000000001 0.064375 0.0825 
0 0.2221875 0.8733333333333334 0.068125 0.09333333333333334 
0 0.8390625 0.5145833333333334 0.060625 0.09916666666666667 
4 0.27968750000000003 0.8083333333333333 0.07187500000000001 0.115 
0 0.0765625 0.5683333333333334 0.068125 0.085 
0 0.9109375000000001 0.3141666666666667 0.083125 0.10500000000000001 
0 0.7253125 0.21666666666666667 0.061875 0.07500000000000001 
0 0.5053125 0.48583333333333334 0.059375000000000004 0.08 
0 0.0665625 0.32458333333333333 0.07187500000000001 0.08416666666666667 
0 0.82375 0.9095833333333334 0.06625 0.0975 
0 0.0765625 0.15541666666666668 0.068125 0.08583333333333334 
0 0.534375 0.11750000000000001 0.0625 0.08833333333333333 
0 0.3159375 0.5245833333333334 0.07062500000000001 0.10750000000000001 
0 0.528125 0.68625 0.058750000000000004 0.09416666666666668 
0 0.755625 0.06041666666666667 0.06375 0.09250000000000001 
0 0.3209375 0.36791666666666667 0.059375000000000004 0.08416666666666667 
0 0.69625 0.7433333333333334 0.0575 0.08666666666666667 
0 0.3490625 0.28250000000000003 0.055625 0.10166666666666667 
0 0.7434375 0.39125000000000004 0.059375000000000004 0.1125 
0 0.9178125 0.13833333333333334 0.068125 0.08 
0 0.4825 0.2833333333333333 0.06625 0.095 
0 0.8971875 0.42625 0.058125 0.07916666666666668 
0 0.248125 0.2779166666666667 0.065 0.09083333333333334 
0 0.5915625 0.07458333333333333 0.068125 0.10083333333333334 
0 0.249375 0.05291666666666667 0.055 0.09250000000000001 
0 0.1846875 0.2791666666666667 0.056875 0.09666666666666668 
0 0.2553125 0.6275000000000001 0.068125 0.09333333333333334 
0 0.7453125 0.6345833333333334 0.059375000000000004 0.10750000000000001 
0 0.4209375 0.17958333333333334 0.060625 0.08750000000000001 
0 0.37 0.8279166666666667 0.07 0.0975 
0 0.0853125 0.23875000000000002 0.07062500000000001 0.10083333333333334 
0 0.5253125 0.39416666666666667 0.056875 0.10833333333333334 
0 0.8143750000000001 0.41583333333333333 0.075 0.08833333333333333 
0 0.2740625 0.3241666666666667 0.063125 0.09333333333333334 
0 0.9078125 0.9475 0.064375 0.10333333333333335 
0 0.1325 0.8604166666666667 0.06 0.11416666666666668 
0 0.9640625 0.4395833333333334 0.061875 0.09250000000000001 
0 0.8196875 0.3695833333333334 0.063125 0.0825 
0 0.9315625000000001 0.47000000000000003 0.064375 0.08666666666666667 
4 0.420625 0.8645833333333334 0.07125000000000001 0.11750000000000001 
0 0.798125 0.5870833333333334 0.0675 0.09083333333333334 
0 0.09468750000000001 0.04916666666666667 0.07187500000000001 0.09833333333333334 
