0 0.730625 0.5054166666666667 0.07875 0.09583333333333334 
0 0.169375 0.45625000000000004 0.07625 0.0825 
0 0.4371875 0.4920833333333334 0.083125 0.09916666666666667 
0 0.8603125 0.48750000000000004 0.075625 0.09666666666666668 
0 0.043437500000000004 0.62 0.073125 0.09000000000000001 
0 0.2909375 0.4204166666666667 0.079375 0.0975 
0 0.9578125000000001 0.4579166666666667 0.075625 0.10916666666666668 
0 0.5653125 0.27375 0.078125 0.10750000000000001 
0 0.9490625 0.6212500000000001 0.085625 0.10750000000000001 
0 0.195625 0.5645833333333333 0.0775 0.08916666666666667 
0 0.1534375 0.1275 0.066875 0.10500000000000001 
0 0.32406250000000003 0.7150000000000001 0.074375 0.09666666666666668 
0 0.48031250000000003 0.5620833333333334 0.073125 0.09083333333333334 
0 0.1990625 0.7725000000000001 0.076875 0.09166666666666667 
0 0.8140625 0.8041666666666667 0.07187500000000001 0.09666666666666668 
0 0.76 0.8700000000000001 0.07875 0.1 
0 0.28500000000000003 0.2404166666666667 0.0725 0.10083333333333334 
0 0.48281250000000003 0.38958333333333334 0.076875 0.09416666666666668 
0 0.57375 0.12708333333333335 0.06875 0.09916666666666667 
0 0.0878125 0.4654166666666667 0.068125 0.09416666666666668 
0 0.68875 0.6583333333333333 0.08750000000000001 0.10333333333333335 
0 0.3928125 0.5758333333333334 0.076875 0.09333333333333334 
0 0.4565625 0.16333333333333333 0.083125 0.10833333333333334 
0 0.2034375 0.8666666666666667 0.075625 0.09166666666666667 
0 0.7325 0.28583333333333333 0.08375 0.10333333333333335 
0 0.06281250000000001 0.23583333333333334 0.07187500000000001 0.10500000000000001 
0 0.3671875 0.44 0.069375 0.08833333333333333 
0 0.6793750000000001 0.42625 0.09 0.09416666666666668 
0 0.5884375000000001 0.8295833333333333 0.073125 0.11083333333333334 
0 0.9403125 0.7558333333333334 0.074375 0.10333333333333335 
0 0.3190625 0.8708333333333333 0.090625 0.09333333333333334 
0 0.380625 0.24208333333333334 0.08625000000000001 0.08750000000000001 
0 0.3546875 0.2791666666666667 0.074375 0.09166666666666667 
0 0.2765625 0.12708333333333335 0.073125 0.10916666666666668 
0 0.28875 0.6220833333333333 0.07375 0.08583333333333334 
0 0.875625 0.17583333333333334 0.085 0.11 
0 0.6896875 0.8458333333333334 0.081875 0.115 
0 0.525625 0.8016666666666667 0.07875 0.08 
0 0.11625 0.6841666666666667 0.07625 0.095 
1 0.81625 0.23750000000000002 0.10375000000000001 0.10166666666666667 
1 0.213125 0.3866666666666667 0.10375000000000001 0.12333333333333334 
0 0.5990625 0.5800000000000001 0.074375 0.10500000000000001 
0 0.40468750000000003 0.36791666666666667 0.066875 0.0975 
0 0.5409375 0.7175 0.100625 0.09166666666666667 
0 0.1146875 0.8079166666666667 0.073125 0.10916666666666668 
0 0.503125 0.09458333333333334 0.07375 0.10083333333333334 
0 0.0690625 0.14291666666666666 0.07187500000000001 0.09916666666666667 
0 0.4946875 0.22458333333333336 0.080625 0.09583333333333334 
0 0.4628125 0.9012500000000001 0.079375 0.0975 
0 0.505625 0.65 0.07375 0.10500000000000001 
0 0.14625 0.7325 0.0825 0.07666666666666667 
0 0.4321875 0.6708333333333334 0.068125 0.09333333333333334 
0 0.4521875 0.8229166666666667 0.096875 0.09250000000000001 
0 0.18812500000000001 0.10875000000000001 0.0725 0.12250000000000001 
0 0.08 0.7725000000000001 0.0725 0.1 
0 0.07187500000000001 0.09083333333333334 0.08 0.1 
0 0.65375 0.7445833333333334 0.07375 0.09416666666666668 
0 0.805 0.37375 0.11875000000000001 0.0975 
