0 0.264375 0.5170833333333333 0.06875 0.09250000000000001 
0 0.48281250000000003 0.44875000000000004 0.053125 0.0575 
0 0.8946875 0.7304166666666667 0.074375 0.10083333333333334 
0 0.800625 0.6479166666666667 0.06125 0.09416666666666668 
0 0.58125 0.15875 0.0725 0.09916666666666667 
0 0.091875 0.615 0.075 0.095 
0 0.2628125 0.41500000000000004 0.076875 0.09166666666666667 
0 0.76375 0.53 0.0675 0.08833333333333333 
0 0.6484375 0.6687500000000001 0.061875 0.07916666666666668 
0 0.766875 0.22083333333333335 0.065 0.09166666666666667 
0 0.6890625 0.6004166666666667 0.064375 0.0825 
0 0.458125 0.19041666666666668 0.06125 0.08583333333333334 
0 0.0896875 0.09833333333333334 0.073125 0.09000000000000001 
0 0.7065625 0.47125000000000006 0.078125 0.09583333333333334 
0 0.64625 0.7712500000000001 0.06875 0.09083333333333334 
0 0.6475 0.5320833333333334 0.07375 0.09250000000000001 
0 0.7815625 0.3829166666666667 0.066875 0.08583333333333334 
0 0.5975 0.9220833333333334 0.0675 0.07916666666666668 
0 0.37093750000000003 0.4429166666666667 0.060625 0.07916666666666668 
0 0.8446875 0.2854166666666667 0.069375 0.0825 
0 0.725 0.7766666666666667 0.06875 0.09000000000000001 
0 0.33875 0.8716666666666667 0.06 0.095 
0 0.8300000000000001 0.44 0.0675 0.07833333333333334 
0 0.42031250000000003 0.20333333333333334 0.080625 0.09666666666666668 
0 0.471875 0.9208333333333334 0.065 0.085 
0 0.2690625 0.2725 0.069375 0.095 
0 0.7121875 0.08083333333333334 0.061875 0.08833333333333333 
0 0.76125 0.8608333333333333 0.05375 0.07666666666666667 
0 0.49375 0.5179166666666667 0.0625 0.0775 
0 0.320625 0.92625 0.05625 0.08083333333333334 
0 0.71875 0.28583333333333333 0.0675 0.08333333333333334 
0 0.2703125 0.7908333333333334 0.053125 0.06666666666666667 
0 0.4434375 0.8 0.060625 0.085 
0 0.41000000000000003 0.8441666666666667 0.06375 0.08333333333333334 
0 0.5371875 0.8225 0.054375 0.07666666666666667 
0 0.638125 0.255 0.0575 0.07500000000000001 
0 0.043437500000000004 0.8300000000000001 0.054375 0.07500000000000001 
0 0.08375 0.70625 0.06 0.08083333333333334 
0 0.1 0.21333333333333335 0.055 0.07500000000000001 
0 0.568125 0.7175 0.0725 0.09166666666666667 
0 0.765625 0.11666666666666667 0.06125 0.07166666666666667 
0 0.38125000000000003 0.56 0.07 0.085 
0 0.895625 0.12833333333333335 0.06125 0.07833333333333334 
0 0.48781250000000004 0.8825000000000001 0.068125 0.08833333333333333 
0 0.545625 0.07541666666666667 0.065 0.07916666666666668 
0 0.8128125 0.9304166666666668 0.058125 0.07083333333333333 
0 0.404375 0.7104166666666667 0.05625 0.07416666666666667 
0 0.894375 0.20625000000000002 0.06875 0.07916666666666668 
0 0.4859375 0.2941666666666667 0.063125 0.07500000000000001 
0 0.34625 0.11166666666666668 0.04875 0.07 
0 0.3115625 0.04833333333333334 0.053125 0.07 
0 0.29031250000000003 0.13625 0.059375000000000004 0.07916666666666668 
0 0.463125 0.6941666666666667 0.06125 0.07500000000000001 
0 0.6421875 0.09625 0.049375 0.07916666666666668 
0 0.52125 0.3541666666666667 0.06 0.07500000000000001 
0 0.5975 0.6208333333333333 0.05625 0.07666666666666667 
0 0.11093750000000001 0.8279166666666667 0.060625 0.0775 
0 0.7046875 0.20875000000000002 0.07062500000000001 0.07916666666666668 
1 0.80625 0.8391666666666667 0.0725 0.10666666666666667 
0 0.3825 0.3504166666666667 0.065 0.0775 
0 0.26875 0.1991666666666667 0.05 0.06666666666666667 
0 0.470625 0.08791666666666667 0.058750000000000004 0.08583333333333334 
0 0.2228125 0.26666666666666666 0.073125 0.08166666666666667 
0 0.34375 0.6458333333333334 0.06625 0.08 
0 0.405625 0.12333333333333334 0.055 0.07 
0 0.355 0.5058333333333334 0.06375 0.09333333333333334 
0 0.4921875 0.0975 0.060625 0.07833333333333334 
0 0.195625 0.8350000000000001 0.06 0.07666666666666667 
0 0.713125 0.9137500000000001 0.07 0.08083333333333334 
0 0.2159375 0.4966666666666667 0.060625 0.07500000000000001 
0 0.335 0.7195833333333334 0.05375 0.06916666666666667 
0 0.4875 0.7362500000000001 0.06 0.07916666666666668 
0 0.705 0.11583333333333334 0.06125 0.07666666666666667 
0 0.72375 0.6837500000000001 0.06 0.0825 
0 0.2634375 0.13 0.056875 0.08166666666666667 
0 0.6546875 0.17833333333333334 0.056875 0.07333333333333333 
0 0.54625 0.4920833333333334 0.04875 0.09083333333333334 
1 0.3940625 0.9275000000000001 0.083125 0.09333333333333334 
0 0.97375 0.57625 0.0525 0.07583333333333334 
0 0.745 0.6129166666666667 0.05375 0.07583333333333334 
0 0.0415625 0.15333333333333335 0.049375 0.065 
0 0.7215625 0.36500000000000005 0.056875 0.07333333333333333 
0 0.3275 0.395 0.055 0.07333333333333333 
0 0.33718750000000003 0.29500000000000004 0.063125 0.085 
0 0.5684375 0.8804166666666667 0.07062500000000001 0.09250000000000001 
0 0.8271875 0.20208333333333334 0.061875 0.07083333333333333 
0 0.901875 0.09458333333333334 0.05625 0.07583333333333334 
0 0.14625 0.8716666666666667 0.055 0.07833333333333334 
0 0.4971875 0.7725000000000001 0.050625 0.08666666666666667 
0 0.029375000000000002 0.22958333333333336 0.0575 0.07916666666666668 
0 0.40218750000000003 0.6362500000000001 0.050625 0.06416666666666668 
0 0.4496875 0.57625 0.046875 0.06416666666666668 
0 0.9528125000000001 0.14708333333333334 0.056875 0.08083333333333334 
0 0.586875 0.04541666666666667 0.06375 0.07916666666666668 
0 0.414375 0.05291666666666667 0.0525 0.0675 
0 0.2371875 0.92 0.046875 0.08333333333333334 
0 0.07 0.26458333333333334 0.055 0.07583333333333334 
1 0.1621875 0.40625 0.100625 0.12083333333333333 
0 0.37625000000000003 0.25333333333333335 0.0525 0.05666666666666667 
1 0.0671875 0.3379166666666667 0.089375 0.10916666666666668 
0 0.36125 0.5833333333333334 0.065 0.07166666666666667 
0 0.3653125 0.7704166666666667 0.045625 0.0675 
0 0.209375 0.9120833333333334 0.05375 0.07916666666666668 
1 0.8865625 0.40958333333333335 0.093125 0.12083333333333333 
0 0.446875 0.3766666666666667 0.0525 0.08166666666666667 
0 0.479375 0.37375 0.0525 0.07583333333333334 
0 0.029687500000000002 0.9666666666666667 0.049375 0.06666666666666667 
0 0.27625 0.9687500000000001 0.05 0.0625 
