0 0.9234375 0.5133333333333334 0.079375 0.08833333333333333 
0 0.3596875 0.7416666666666667 0.069375 0.095 
0 0.6490625 0.25583333333333336 0.079375 0.09333333333333334 
0 0.850625 0.06416666666666668 0.075 0.115 
0 0.933125 0.6066666666666667 0.07125000000000001 0.09666666666666668 
0 0.520625 0.5366666666666667 0.08 0.09833333333333334 
0 0.079375 0.85375 0.08625000000000001 0.1125 
0 0.58375 0.3904166666666667 0.09125 0.08916666666666667 
0 0.9 0.4204166666666667 0.07875 0.09916666666666667 
0 0.0671875 0.11791666666666667 0.089375 0.11083333333333334 
0 0.20375000000000001 0.8225 0.0675 0.10333333333333335 
0 0.4321875 0.17625000000000002 0.068125 0.09416666666666668 
0 0.1565625 0.12541666666666668 0.073125 0.09416666666666668 
0 0.834375 0.7925000000000001 0.07625 0.09666666666666668 
0 0.309375 0.3179166666666667 0.10375000000000001 0.09250000000000001 
0 0.061875 0.385 0.085 0.095 
0 0.699375 0.4133333333333334 0.0725 0.09833333333333334 
0 0.3315625 0.8641666666666667 0.080625 0.09166666666666667 
0 0.07906250000000001 0.66 0.073125 0.09000000000000001 
0 0.8356250000000001 0.5208333333333334 0.0675 0.09000000000000001 
0 0.5525 0.8733333333333334 0.0775 0.08666666666666667 
0 0.421875 0.6979166666666667 0.07875 0.10416666666666667 
0 0.200625 0.21041666666666667 0.07875 0.10583333333333333 
0 0.668125 0.48750000000000004 0.08125 0.095 
0 0.81625 0.31833333333333336 0.0825 0.09000000000000001 
0 0.8284375 0.4054166666666667 0.079375 0.0975 
0 0.44125000000000003 0.44583333333333336 0.06625 0.09833333333333334 
0 0.81875 0.22458333333333336 0.08 0.10083333333333334 
0 0.9265625000000001 0.7175 0.084375 0.09666666666666668 
0 0.46187500000000004 0.8775000000000001 0.08875 0.10833333333333334 
0 0.366875 0.5791666666666667 0.07625 0.11166666666666668 
0 0.171875 0.3225 0.0625 0.10166666666666667 
0 0.3296875 0.19958333333333333 0.075625 0.10416666666666667 
0 0.599375 0.12875 0.08875 0.07250000000000001 
0 0.7109375 0.18666666666666668 0.065625 0.09333333333333334 
0 0.77 0.04958333333333333 0.09875 0.08083333333333334 
0 0.4665625 0.10708333333333334 0.075625 0.09416666666666668 
0 0.7678125 0.15916666666666668 0.079375 0.10166666666666667 
0 0.3896875 0.4345833333333334 0.074375 0.09916666666666667 
0 0.8784375 0.12583333333333335 0.065625 0.10666666666666667 
0 0.2840625 0.75375 0.083125 0.1125 
0 0.1134375 0.7404166666666667 0.068125 0.08916666666666667 
0 0.62 0.29583333333333334 0.08375 0.10666666666666667 
0 0.1353125 0.465 0.075625 0.10166666666666667 
0 0.7021875 0.75375 0.083125 0.10583333333333333 
0 0.890625 0.7245833333333334 0.0825 0.11416666666666668 
0 0.11 0.08166666666666667 0.07375 0.08833333333333333 
0 0.2575 0.2566666666666667 0.0775 0.09666666666666668 
0 0.30062500000000003 0.5579166666666667 0.0725 0.09416666666666668 
0 0.5809375 0.22458333333333336 0.074375 0.10583333333333333 
0 0.3496875 0.8866666666666667 0.07187500000000001 0.10500000000000001 
0 0.505625 0.43333333333333335 0.0575 0.12166666666666667 
0 0.2071875 0.5954166666666667 0.075625 0.08416666666666667 
0 0.18625 0.52 0.07125000000000001 0.07666666666666667 
0 0.371875 0.13541666666666669 0.07875 0.10083333333333334 
0 0.1521875 0.49500000000000005 0.07062500000000001 0.08833333333333333 
1 0.548125 0.2729166666666667 0.06875 0.1325 
0 0.4784375 0.4491666666666667 0.074375 0.09666666666666668 
0 0.2171875 0.5470833333333334 0.081875 0.09083333333333334 
