0 0.66125 0.34375 0.07625 0.0975 
0 0.276875 0.7229166666666668 0.07125000000000001 0.10083333333333334 
0 0.7090625 0.7008333333333334 0.075625 0.09333333333333334 
0 0.2215625 0.13541666666666669 0.075625 0.0975 
0 0.8515625 0.8470833333333334 0.075625 0.09416666666666668 
0 0.8484375000000001 0.7125 0.083125 0.11333333333333334 
0 0.6900000000000001 0.15958333333333335 0.085 0.09583333333333334 
0 0.604375 0.29125 0.0825 0.10416666666666667 
0 0.3603125 0.21500000000000002 0.084375 0.09333333333333334 
0 0.3278125 0.5108333333333334 0.073125 0.08833333333333333 
0 0.418125 0.43583333333333335 0.0775 0.09166666666666667 
0 0.4025 0.5833333333333334 0.08 0.10666666666666667 
0 0.4709375 0.7970833333333334 0.081875 0.10250000000000001 
0 0.755625 0.6266666666666667 0.09 0.10500000000000001 
0 0.108125 0.6883333333333334 0.0825 0.11166666666666668 
0 0.153125 0.8804166666666667 0.07125000000000001 0.11083333333333334 
0 0.76 0.7595833333333334 0.07875 0.0975 
0 0.8300000000000001 0.18500000000000003 0.08125 0.09666666666666668 
0 0.5303125 0.6416666666666667 0.078125 0.1 
0 0.07187500000000001 0.41750000000000004 0.07375 0.1 
0 0.624375 0.6737500000000001 0.09125 0.10416666666666667 
0 0.436875 0.9370833333333334 0.07625 0.09583333333333334 
0 0.035 0.14708333333333334 0.07 0.09916666666666667 
0 0.40468750000000003 0.6950000000000001 0.076875 0.11 
0 0.8378125000000001 0.4370833333333334 0.075625 0.09083333333333334 
0 0.509375 0.32958333333333334 0.08625000000000001 0.0825 
0 0.18375 0.6429166666666667 0.075 0.10083333333333334 
0 0.6103125 0.11625 0.078125 0.10250000000000001 
0 0.2896875 0.18041666666666667 0.073125 0.08916666666666667 
0 0.64 0.7933333333333333 0.07875 0.09833333333333334 
0 0.71125 0.8929166666666667 0.07625 0.10083333333333334 
0 0.496875 0.49541666666666667 0.06625 0.11083333333333334 
0 0.378125 0.7891666666666667 0.075 0.09000000000000001 
0 0.4421875 0.5204166666666667 0.068125 0.0975 
0 0.556875 0.5575 0.08375 0.095 
0 0.2334375 0.2541666666666667 0.073125 0.095 
0 0.17625 0.7704166666666667 0.07875 0.10083333333333334 
0 0.6540625 0.22791666666666668 0.078125 0.10083333333333334 
0 0.635 0.5704166666666667 0.0725 0.11416666666666668 
0 0.605625 0.9354166666666667 0.0725 0.10916666666666668 
0 0.10187500000000001 0.5595833333333333 0.085 0.09250000000000001 
0 0.09593750000000001 0.17125 0.078125 0.09583333333333334 
0 0.846875 0.55625 0.07625 0.11416666666666668 
0 0.9696875 0.51125 0.060625 0.10083333333333334 
0 0.7878125 0.79625 0.081875 0.10416666666666667 
0 0.3878125 0.3229166666666667 0.07062500000000001 0.09916666666666667 
0 0.508125 0.255 0.08 0.06833333333333334 
3 0.5234375 0.19958333333333333 0.106875 0.11916666666666667 
0 0.4603125 0.3879166666666667 0.085625 0.09083333333333334 
0 0.936875 0.62 0.0625 0.10666666666666667 
0 0.196875 0.07166666666666667 0.0775 0.10833333333333334 
0 0.34375 0.6837500000000001 0.05625 0.11416666666666668 
0 0.8125 0.5533333333333333 0.08875 0.095 
0 0.149375 0.10541666666666667 0.0725 0.11416666666666668 
0 0.2540625 0.4491666666666667 0.079375 0.09333333333333334 
0 0.27625 0.42500000000000004 0.0675 0.09333333333333334 
0 0.7853125 0.043750000000000004 0.078125 0.08583333333333334 
0 0.94375 0.5258333333333334 0.1 0.09333333333333334 
