0 0.19062500000000002 0.19541666666666668 0.07875 0.09416666666666668 
0 0.6015625 0.6191666666666668 0.066875 0.08833333333333333 
0 0.9071875 0.5420833333333334 0.065625 0.08750000000000001 
0 0.1009375 0.7020833333333334 0.056875 0.0775 
0 0.358125 0.43250000000000005 0.07625 0.10333333333333335 
0 0.05375 0.21333333333333335 0.07 0.095 
0 0.17125 0.82125 0.06125 0.08583333333333334 
0 0.9009375000000001 0.3754166666666667 0.078125 0.08916666666666667 
0 0.8159375 0.4291666666666667 0.069375 0.08666666666666667 
0 0.7440625 0.6329166666666667 0.064375 0.07916666666666668 
0 0.2340625 0.7491666666666668 0.066875 0.08833333333333333 
0 0.431875 0.5508333333333334 0.05625 0.07500000000000001 
4 0.2303125 0.5750000000000001 0.075625 0.09666666666666668 
0 0.7796875 0.9450000000000001 0.068125 0.085 
0 0.7784375 0.05541666666666667 0.061875 0.0825 
0 0.8421875 0.7633333333333334 0.069375 0.08833333333333333 
0 0.0678125 0.5491666666666667 0.066875 0.07833333333333334 
0 0.9009375000000001 0.1625 0.059375000000000004 0.08 
0 0.1846875 0.6591666666666667 0.063125 0.08333333333333334 
0 0.029375000000000002 0.7829166666666667 0.051250000000000004 0.08083333333333334 
0 0.9053125 0.24250000000000002 0.07187500000000001 0.08333333333333334 
0 0.26125 0.34458333333333335 0.0525 0.07416666666666667 
0 0.075 0.15666666666666668 0.07375 0.095 
0 0.3540625 0.6541666666666667 0.061875 0.07500000000000001 
0 0.839375 0.88 0.058750000000000004 0.08333333333333334 
0 0.6578125 0.7566666666666667 0.065625 0.09000000000000001 
0 0.2184375 0.41500000000000004 0.064375 0.07833333333333334 
0 0.5846875 0.3541666666666667 0.065625 0.08333333333333334 
0 0.2575 0.5041666666666667 0.06125 0.06666666666666667 
0 0.8612500000000001 0.67125 0.05625 0.07416666666666667 
0 0.045625 0.8875000000000001 0.0625 0.07833333333333334 
0 0.375625 0.7262500000000001 0.051250000000000004 0.07083333333333333 
4 0.5575 0.9004166666666668 0.07125000000000001 0.08583333333333334 
0 0.275625 0.17583333333333334 0.065 0.07500000000000001 
0 0.6275000000000001 0.28708333333333336 0.0675 0.07083333333333333 
0 0.8456250000000001 0.05 0.06625 0.09000000000000001 
0 0.17625 0.36208333333333337 0.075 0.09083333333333334 
0 0.1846875 0.4991666666666667 0.076875 0.08666666666666667 
0 0.5 0.31958333333333333 0.07 0.08416666666666667 
0 0.7159375 0.9366666666666668 0.059375000000000004 0.08 
0 0.689375 0.4741666666666667 0.06125 0.07500000000000001 
0 0.6046875 0.74875 0.059375000000000004 0.0775 
0 0.5415625000000001 0.6629166666666667 0.058125 0.0775 
0 0.42625 0.30125 0.04875 0.06916666666666667 
0 0.39937500000000004 0.7866666666666667 0.0625 0.085 
0 0.4484375 0.8225 0.060625 0.08166666666666667 
0 0.9343750000000001 0.8704166666666667 0.06375 0.06916666666666667 
0 0.4865625 0.21833333333333335 0.066875 0.07 
0 0.6571875 0.8845833333333334 0.065625 0.07416666666666667 
0 0.5075000000000001 0.3879166666666667 0.06375 0.08416666666666667 
0 0.7671875 0.16708333333333333 0.053125 0.06916666666666667 
0 0.4896875 0.5475 0.056875 0.08666666666666667 
0 0.9034375 0.7341666666666667 0.056875 0.07 
0 0.42562500000000003 0.93 0.055 0.07666666666666667 
0 0.626875 0.9579166666666667 0.06375 0.060833333333333336 
0 0.5 0.8562500000000001 0.0625 0.08083333333333334 
0 0.878125 0.44125000000000003 0.05625 0.0775 
0 0.386875 0.5770833333333334 0.065 0.0775 
0 0.7834375 0.8683333333333334 0.049375 0.07166666666666667 
0 0.2078125 0.11666666666666667 0.058125 0.07333333333333333 
1 0.6759375 0.23875000000000002 0.088125 0.09583333333333334 
0 0.2040625 0.3375 0.055625 0.07500000000000001 
0 0.4575 0.7908333333333334 0.0675 0.07666666666666667 
0 0.7521875 0.3358333333333334 0.061875 0.07166666666666667 
0 0.7934375 0.31333333333333335 0.053125 0.06833333333333334 
0 0.339375 0.51 0.0525 0.07500000000000001 
0 0.1265625 0.15666666666666668 0.054375 0.08333333333333334 
0 0.6509375000000001 0.54625 0.055625 0.06583333333333334 
0 0.0715625 0.7925000000000001 0.049375 0.07833333333333334 
0 0.13375 0.04583333333333334 0.06125 0.08166666666666667 
0 0.5284375 0.5120833333333333 0.055625 0.07083333333333333 
0 0.9359375 0.8033333333333333 0.060625 0.06333333333333334 
0 0.844375 0.21250000000000002 0.0625 0.07 
0 0.9665625 0.27458333333333335 0.058125 0.07416666666666667 
0 0.5559375 0.2316666666666667 0.050625 0.07 
0 0.5003125 0.7383333333333334 0.059375000000000004 0.06666666666666667 
0 0.9459375 0.07291666666666667 0.065625 0.0625 
0 0.6740625 0.05666666666666667 0.048125 0.095 
0 0.73375 0.5516666666666667 0.045 0.07333333333333333 
0 0.8428125 0.15208333333333335 0.050625 0.05916666666666667 
0 0.8953125000000001 0.07250000000000001 0.050625 0.07333333333333333 
0 0.9159375000000001 0.1366666666666667 0.058125 0.07 
0 0.7059375 0.20375000000000001 0.049375 0.07916666666666668 
0 0.750625 0.22458333333333336 0.051250000000000004 0.0675 
0 0.7634375 0.2729166666666667 0.045625 0.06916666666666667 
0 0.46187500000000004 0.38458333333333333 0.05375 0.06583333333333334 
0 0.6090625000000001 0.04 0.054375 0.07166666666666667 
0 0.41500000000000004 0.06583333333333334 0.05625 0.08333333333333334 
0 0.36 0.05791666666666667 0.07375 0.0625 
0 0.270625 0.23583333333333334 0.045 0.05666666666666667 
0 0.46875 0.27 0.065 0.05333333333333334 
0 0.21156250000000001 0.28208333333333335 0.049375 0.06583333333333334 
0 0.281875 0.4466666666666667 0.051250000000000004 0.06166666666666667 
0 0.14875 0.44958333333333333 0.0675 0.07583333333333334 
0 0.9665625 0.9254166666666668 0.060625 0.07916666666666668 
0 0.5665625 0.5687500000000001 0.045625 0.07916666666666668 
0 0.67 0.91125 0.065 0.0775 
