0 0.601875 0.29583333333333334 0.07875 0.09333333333333334 
0 0.8796875000000001 0.49000000000000005 0.061875 0.085 
0 0.480625 0.6129166666666667 0.075 0.10916666666666668 
0 0.4440625 0.4979166666666667 0.07187500000000001 0.09916666666666667 
0 0.45687500000000003 0.8370833333333334 0.07 0.09250000000000001 
0 0.3603125 0.48625 0.066875 0.10916666666666668 
0 0.925 0.88875 0.0825 0.09083333333333334 
0 0.24531250000000002 0.3304166666666667 0.069375 0.08750000000000001 
0 0.2190625 0.8683333333333334 0.074375 0.09333333333333334 
0 0.610625 0.465 0.065 0.095 
0 0.55625 0.37333333333333335 0.0775 0.085 
0 0.2190625 0.7733333333333334 0.074375 0.08166666666666667 
0 0.065625 0.4904166666666667 0.0725 0.10083333333333334 
0 0.683125 0.8237500000000001 0.07125000000000001 0.09083333333333334 
0 0.8903125000000001 0.5858333333333333 0.066875 0.095 
0 0.364375 0.8704166666666667 0.0775 0.09083333333333334 
0 0.3728125 0.32083333333333336 0.074375 0.09833333333333334 
0 0.195 0.4320833333333334 0.07125000000000001 0.09083333333333334 
0 0.8615625 0.10666666666666667 0.074375 0.09166666666666667 
0 0.14375000000000002 0.88875 0.0725 0.08750000000000001 
0 0.956875 0.64375 0.07375 0.09250000000000001 
0 0.948125 0.8104166666666667 0.07125000000000001 0.08083333333333334 
0 0.3746875 0.2 0.07187500000000001 0.095 
0 0.744375 0.3425 0.06875 0.09666666666666668 
0 0.71625 0.41500000000000004 0.06375 0.09833333333333334 
0 0.568125 0.56625 0.07625 0.0825 
0 0.668125 0.14125000000000001 0.0775 0.08916666666666667 
0 0.1471875 0.4691666666666667 0.076875 0.08833333333333333 
0 0.1228125 0.16375 0.081875 0.0775 
0 0.2946875 0.18666666666666668 0.064375 0.09833333333333334 
6 0.9040625 0.3666666666666667 0.081875 0.11166666666666668 
0 0.25375000000000003 0.2341666666666667 0.075 0.11666666666666667 
0 0.225 0.046250000000000006 0.07625 0.0825 
0 0.2459375 0.13625 0.083125 0.0975 
0 0.196875 0.0825 0.10125 0.07166666666666667 
0 0.2109375 0.18250000000000002 0.069375 0.07166666666666667 
