0 0.263125 0.7308333333333333 0.065 0.09666666666666668 
0 0.325 0.6841666666666667 0.06375 0.09000000000000001 
0 0.5490625 0.3075 0.061875 0.09666666666666668 
0 0.906875 0.40125000000000005 0.07 0.09416666666666668 
0 0.239375 0.29625 0.06375 0.08750000000000001 
0 0.2334375 0.4754166666666667 0.069375 0.09416666666666668 
0 0.7134375000000001 0.81 0.065625 0.085 
0 0.77625 0.24458333333333335 0.06875 0.08750000000000001 
0 0.6928125 0.5491666666666667 0.060625 0.07833333333333334 
0 0.3575 0.6033333333333334 0.0575 0.08333333333333334 
0 0.7390625000000001 0.6312500000000001 0.058125 0.08416666666666667 
0 0.7996875 0.6362500000000001 0.059375000000000004 0.08583333333333334 
0 0.1790625 0.24708333333333335 0.075625 0.09416666666666668 
0 0.26687500000000003 0.37875000000000003 0.06625 0.09083333333333334 
0 0.4303125 0.5945833333333334 0.065625 0.09250000000000001 
0 0.164375 0.34125 0.07875 0.08750000000000001 
0 0.5975 0.5025000000000001 0.07 0.085 
0 0.8865625 0.93 0.066875 0.09833333333333334 
0 0.4428125 0.5079166666666667 0.07187500000000001 0.07916666666666668 
0 0.90125 0.8200000000000001 0.0575 0.08333333333333334 
0 0.6481250000000001 0.8154166666666667 0.0575 0.08750000000000001 
0 0.73875 0.8975000000000001 0.058750000000000004 0.09333333333333334 
0 0.4015625 0.43583333333333335 0.07062500000000001 0.09833333333333334 
0 0.5071875 0.22416666666666668 0.065625 0.09000000000000001 
0 0.6134375 0.2791666666666667 0.069375 0.10500000000000001 
0 0.145 0.09833333333333334 0.06375 0.08333333333333334 
0 0.1059375 0.17125 0.07062500000000001 0.09583333333333334 
0 0.335 0.34750000000000003 0.075 0.07500000000000001 
0 0.63875 0.21291666666666667 0.065 0.0825 
0 0.6675 0.6158333333333333 0.0675 0.07666666666666667 
0 0.8053125 0.8833333333333334 0.064375 0.10166666666666667 
0 0.8859375 0.49750000000000005 0.069375 0.1 
0 0.201875 0.6683333333333333 0.06125 0.11 
0 0.285625 0.5529166666666667 0.065 0.08083333333333334 
0 0.3728125 0.8941666666666668 0.063125 0.08 
0 0.6775 0.38625000000000004 0.0575 0.08916666666666667 
0 0.1590625 0.43375 0.065625 0.07916666666666668 
0 0.3903125 0.6841666666666667 0.063125 0.08833333333333333 
0 0.2678125 0.6283333333333334 0.074375 0.09166666666666667 
0 0.9325 0.7529166666666667 0.058750000000000004 0.08916666666666667 
0 0.5750000000000001 0.5908333333333333 0.0625 0.085 
0 0.864375 0.7375 0.065 0.08833333333333333 
0 0.745625 0.7245833333333334 0.09 0.0825 
0 0.57375 0.8216666666666668 0.0675 0.08833333333333333 
0 0.86 0.6062500000000001 0.0625 0.08750000000000001 
0 0.726875 0.3154166666666667 0.06875 0.08416666666666667 
0 0.7459375 0.48708333333333337 0.07062500000000001 0.08583333333333334 
0 0.40125 0.21625000000000003 0.06125 0.07583333333333334 
0 0.3171875 0.8325 0.068125 0.07333333333333333 
0 0.5096875 0.6079166666666667 0.061875 0.09416666666666668 
0 0.32937500000000003 0.4241666666666667 0.06 0.08166666666666667 
0 0.42031250000000003 0.8150000000000001 0.066875 0.095 
0 0.1065625 0.7470833333333334 0.056875 0.07916666666666668 
0 0.164375 0.52125 0.0625 0.0825 
0 0.2159375 0.8133333333333334 0.07187500000000001 0.095 
0 0.581875 0.7100000000000001 0.0725 0.08833333333333333 
0 0.4484375 0.33625000000000005 0.07062500000000001 0.0825 
0 0.71375 0.12458333333333334 0.06125 0.0775 
0 0.9440625 0.8925000000000001 0.055625 0.08666666666666667 
0 0.95125 0.4625 0.055 0.07666666666666667 
0 0.5 0.7562500000000001 0.07875 0.08083333333333334 
0 0.0425 0.18250000000000002 0.06 0.10166666666666667 
0 0.644375 0.9158333333333334 0.065 0.1 
0 0.6021875 0.3720833333333334 0.07062500000000001 0.07250000000000001 
0 0.3321875 0.7712500000000001 0.076875 0.06916666666666667 
0 0.09 0.8345833333333333 0.05625 0.0825 
0 0.5734375 0.08375 0.068125 0.08916666666666667 
0 0.8275 0.15208333333333335 0.055 0.07916666666666668 
0 0.096875 0.6208333333333333 0.065 0.08666666666666667 
0 0.521875 0.9550000000000001 0.06625 0.08833333333333333 
0 0.32 0.26 0.0575 0.07500000000000001 
0 0.7953125 0.04125 0.054375 0.0825 
0 0.260625 0.9491666666666667 0.05625 0.07333333333333333 
0 0.4225 0.04916666666666667 0.0675 0.09833333333333334 
