0 0.4509375 0.7904166666666668 0.060625 0.0825 
0 0.21875 0.14375000000000002 0.08375 0.10083333333333334 
0 0.1290625 0.10208333333333335 0.073125 0.10083333333333334 
0 0.34875 0.10083333333333334 0.0775 0.10333333333333335 
0 0.2175 0.9237500000000001 0.0775 0.10250000000000001 
0 0.14875 0.30625 0.07625 0.11916666666666667 
0 0.8356250000000001 0.3229166666666667 0.07625 0.09583333333333334 
0 0.911875 0.68 0.0825 0.10666666666666667 
0 0.7240625 0.7475 0.066875 0.08666666666666667 
0 0.6153125 0.11625 0.080625 0.10916666666666668 
0 0.86 0.19333333333333336 0.07875 0.09666666666666668 
0 0.2225 0.58125 0.075 0.0975 
0 0.9484375 0.39875000000000005 0.073125 0.10916666666666668 
0 0.6265625 0.37000000000000005 0.07187500000000001 0.09666666666666668 
0 0.3653125 0.23083333333333333 0.066875 0.08166666666666667 
0 0.059687500000000004 0.8508333333333334 0.080625 0.1 
0 0.4865625 0.8879166666666667 0.080625 0.10250000000000001 
0 0.393125 0.39083333333333337 0.07625 0.11166666666666668 
0 0.718125 0.24375000000000002 0.07625 0.08916666666666667 
0 0.5421875 0.8304166666666667 0.07187500000000001 0.09583333333333334 
0 0.8946875 0.27708333333333335 0.07187500000000001 0.09916666666666667 
0 0.165 0.7520833333333334 0.07375 0.09916666666666667 
0 0.63 0.8429166666666668 0.075 0.09416666666666668 
0 0.2359375 0.7204166666666667 0.075625 0.09583333333333334 
0 0.74625 0.08166666666666667 0.06375 0.09333333333333334 
0 0.3665625 0.9329166666666667 0.069375 0.0975 
0 0.44656250000000003 0.6441666666666667 0.079375 0.09333333333333334 
0 0.44906250000000003 0.5675 0.069375 0.09833333333333334 
0 0.71875 0.8908333333333334 0.06875 0.09333333333333334 
0 0.8415625 0.7520833333333334 0.058125 0.10416666666666667 
0 0.24375 0.8383333333333334 0.075 0.09833333333333334 
0 0.5700000000000001 0.07041666666666667 0.06875 0.09583333333333334 
0 0.600625 0.4654166666666667 0.06875 0.08916666666666667 
0 0.87375 0.5804166666666667 0.07625 0.10250000000000001 
0 0.6715625000000001 0.17666666666666667 0.065625 0.09000000000000001 
0 0.49375 0.07833333333333334 0.08 0.10833333333333334 
0 0.6403125000000001 0.27958333333333335 0.080625 0.09250000000000001 
0 0.77 0.17666666666666667 0.07125000000000001 0.10166666666666667 
0 0.11156250000000001 0.4345833333333334 0.076875 0.10583333333333333 
0 0.30625 0.19708333333333333 0.07875 0.10416666666666667 
0 0.6603125 0.93 0.074375 0.09333333333333334 
0 0.1465625 0.45583333333333337 0.079375 0.1 
0 0.7125 0.31625000000000003 0.0775 0.0675 
0 0.4846875 0.38083333333333336 0.075625 0.08666666666666667 
0 0.0371875 0.42875 0.073125 0.11916666666666667 
0 0.515 0.6695833333333334 0.06875 0.10583333333333333 
0 0.79625 0.22291666666666668 0.06 0.10750000000000001 
0 0.71625 0.6575000000000001 0.058750000000000004 0.1 
2 0.525625 0.4391666666666667 0.075 0.12833333333333335 
0 0.79125 0.6579166666666667 0.0775 0.10083333333333334 
0 0.52375 0.8095833333333334 0.0675 0.09416666666666668 
0 0.6978125000000001 0.21708333333333335 0.078125 0.09916666666666667 
