0 0.2240625 0.57125 0.074375 0.09583333333333334 
0 0.21281250000000002 0.8283333333333334 0.068125 0.09000000000000001 
0 0.30593750000000003 0.78 0.07187500000000001 0.08833333333333333 
0 0.174375 0.7608333333333334 0.06625 0.08 
0 0.33437500000000003 0.4154166666666667 0.065 0.08916666666666667 
0 0.249375 0.65625 0.0625 0.08083333333333334 
0 0.155625 0.9016666666666667 0.07625 0.09000000000000001 
0 0.8346875 0.18666666666666668 0.07187500000000001 0.08833333333333333 
0 0.08687500000000001 0.89875 0.06375 0.08083333333333334 
0 0.12562500000000001 0.6891666666666667 0.0675 0.09000000000000001 
0 0.38125000000000003 0.8845833333333334 0.07125000000000001 0.09083333333333334 
0 0.43625 0.73875 0.075 0.10583333333333333 
0 0.6025 0.8250000000000001 0.055 0.08 
0 0.2459375 0.7520833333333334 0.061875 0.08416666666666667 
0 0.6146875 0.37000000000000005 0.074375 0.10166666666666667 
0 0.859375 0.10375000000000001 0.06 0.07916666666666668 
0 0.574375 0.9500000000000001 0.06875 0.085 
0 0.27718750000000003 0.31708333333333333 0.058125 0.07916666666666668 
0 0.6609375000000001 0.8720833333333334 0.07187500000000001 0.09916666666666667 
0 0.27 0.4691666666666667 0.08125 0.10333333333333335 
0 0.48625 0.14916666666666667 0.051250000000000004 0.07833333333333334 
0 0.43 0.1275 0.06375 0.085 
0 0.24281250000000001 0.4154166666666667 0.07187500000000001 0.09416666666666668 
0 0.4215625 0.9570833333333334 0.064375 0.07916666666666668 
0 0.5437500000000001 0.24625000000000002 0.05375 0.0775 
0 0.08375 0.48708333333333337 0.08 0.0975 
0 0.5584375 0.3229166666666667 0.055625 0.07416666666666667 
0 0.7418750000000001 0.8904166666666667 0.0725 0.08916666666666667 
0 0.7340625000000001 0.17 0.061875 0.07333333333333333 
0 0.9203125 0.8120833333333334 0.075625 0.10250000000000001 
0 0.723125 0.10541666666666667 0.06625 0.10583333333333333 
0 0.6728125 0.12791666666666668 0.079375 0.09416666666666668 
0 0.7046875 0.805 0.074375 0.09333333333333334 
0 0.5075000000000001 0.7995833333333334 0.07625 0.10416666666666667 
0 0.8178125 0.8183333333333334 0.056875 0.08166666666666667 
0 0.4640625 0.8341666666666667 0.065625 0.08666666666666667 
0 0.8668750000000001 0.5933333333333334 0.0725 0.10166666666666667 
0 0.2178125 0.29333333333333333 0.078125 0.095 
0 0.6040625000000001 0.2554166666666667 0.074375 0.10250000000000001 
0 0.40625 0.6383333333333334 0.07 0.08333333333333334 
0 0.4009375 0.2879166666666667 0.068125 0.08916666666666667 
5 0.8653125 0.7562500000000001 0.085625 0.0975 
0 0.33125 0.27458333333333335 0.06375 0.08583333333333334 
0 0.43843750000000004 0.2054166666666667 0.07062500000000001 0.09083333333333334 
0 0.505 0.9170833333333334 0.07875 0.09083333333333334 
0 0.6687500000000001 0.6429166666666667 0.0725 0.08916666666666667 
0 0.349375 0.8145833333333334 0.0725 0.09583333333333334 
0 0.683125 0.36375 0.06375 0.08083333333333334 
0 0.455 0.053750000000000006 0.08125 0.07416666666666667 
0 0.661875 0.44 0.06375 0.08666666666666667 
1 0.1434375 0.5120833333333333 0.083125 0.11416666666666668 
0 0.6440625 0.7270833333333334 0.060625 0.0975 
1 0.5503125 0.7000000000000001 0.129375 0.11166666666666668 
1 0.775625 0.46458333333333335 0.06625 0.07583333333333334 
0 0.7596875000000001 0.5004166666666667 0.058125 0.07583333333333334 
1 0.3909375 0.7429166666666667 0.084375 0.10416666666666667 
0 0.664375 0.7612500000000001 0.07375 0.09083333333333334 
0 0.376875 0.22 0.05375 0.08833333333333333 
0 0.506875 0.7366666666666667 0.065 0.08333333333333334 
1 0.4825 0.9016666666666667 0.08375 0.11166666666666668 
0 0.12687500000000002 0.6033333333333334 0.055 0.08833333333333333 
0 0.0984375 0.5816666666666667 0.060625 0.09000000000000001 
0 0.940625 0.04083333333333333 0.05375 0.07 
0 0.9221875 0.09041666666666667 0.068125 0.07916666666666668 
0 0.9640625 0.10833333333333334 0.069375 0.1 
0 0.23875000000000002 0.38625000000000004 0.06375 0.09583333333333334 
0 0.883125 0.67125 0.0525 0.08083333333333334 
