0 0.54625 0.63875 0.06875 0.08750000000000001 
0 0.226875 0.4320833333333334 0.06875 0.09250000000000001 
0 0.1759375 0.3125 0.059375000000000004 0.09166666666666667 
0 0.1071875 0.6679166666666667 0.07187500000000001 0.09083333333333334 
0 0.32625 0.7512500000000001 0.0675 0.10416666666666667 
0 0.1840625 0.8441666666666667 0.073125 0.09833333333333334 
0 0.6990625 0.18291666666666667 0.063125 0.10916666666666668 
0 0.5853125 0.8708333333333333 0.066875 0.095 
0 0.764375 0.7854166666666668 0.075 0.08750000000000001 
0 0.4184375 0.115 0.068125 0.08833333333333333 
0 0.514375 0.7183333333333334 0.0675 0.09000000000000001 
0 0.1059375 0.4633333333333334 0.068125 0.10666666666666667 
0 0.7781250000000001 0.6154166666666667 0.0575 0.08583333333333334 
0 0.923125 0.9366666666666668 0.08 0.10500000000000001 
0 0.411875 0.3070833333333334 0.07 0.08083333333333334 
0 0.789375 0.35583333333333333 0.06125 0.08666666666666667 
0 0.93375 0.5495833333333334 0.0625 0.09583333333333334 
0 0.1903125 0.63875 0.065625 0.0975 
0 0.69125 0.7475 0.075 0.08833333333333333 
0 0.2871875 0.5170833333333333 0.065625 0.08916666666666667 
0 0.8684375 0.22291666666666668 0.066875 0.08750000000000001 
0 0.6153125 0.4579166666666667 0.065625 0.08750000000000001 
0 0.21531250000000002 0.053750000000000006 0.07187500000000001 0.0825 
0 0.7084375 0.6495833333333334 0.068125 0.09583333333333334 
0 0.3621875 0.5120833333333333 0.064375 0.08416666666666667 
0 0.9153125 0.8070833333333334 0.060625 0.08416666666666667 
0 0.39187500000000003 0.7125 0.06375 0.08666666666666667 
0 0.7371875 0.8716666666666667 0.064375 0.08666666666666667 
0 0.1728125 0.7254166666666667 0.064375 0.08083333333333334 
0 0.7809375000000001 0.9345833333333334 0.068125 0.07583333333333334 
0 0.0421875 0.1525 0.065625 0.08166666666666667 
0 0.425 0.89 0.06 0.085 
0 0.706875 0.58875 0.065 0.08083333333333334 
0 0.2365625 0.91 0.051875000000000004 0.08 
0 0.4721875 0.8445833333333334 0.065625 0.09083333333333334 
0 0.52 0.10500000000000001 0.0625 0.09166666666666667 
0 0.478125 0.24583333333333335 0.065 0.09333333333333334 
0 0.2365625 0.13 0.078125 0.08333333333333334 
0 0.211875 0.21166666666666667 0.05375 0.08666666666666667 
0 0.954375 0.12541666666666668 0.065 0.0825 
0 0.0778125 0.07958333333333334 0.066875 0.08916666666666667 
0 0.2815625 0.6179166666666667 0.065625 0.08750000000000001 
0 0.1415625 0.8150000000000001 0.056875 0.11833333333333335 
0 0.059687500000000004 0.22083333333333335 0.060625 0.08333333333333334 
0 0.80375 0.6820833333333334 0.07125000000000001 0.0825 
0 0.1465625 0.07500000000000001 0.063125 0.095 
0 0.25906250000000003 0.7758333333333334 0.063125 0.08833333333333333 
0 0.5415625000000001 0.45583333333333337 0.064375 0.085 
0 0.9034375 0.35625 0.075625 0.08916666666666667 
0 0.1278125 0.9258333333333334 0.059375000000000004 0.07833333333333334 
0 0.8225 0.14083333333333334 0.065 0.10500000000000001 
0 0.3509375 0.24541666666666667 0.065625 0.0975 
0 0.3315625 0.8808333333333334 0.065625 0.09000000000000001 
0 0.46468750000000003 0.61875 0.068125 0.08750000000000001 
0 0.92 0.7208333333333333 0.06875 0.09000000000000001 
0 0.613125 0.34500000000000003 0.06375 0.08833333333333333 
0 0.61 0.08750000000000001 0.065 0.09166666666666667 
0 0.45125 0.7937500000000001 0.06375 0.10250000000000001 
0 0.8790625 0.8970833333333333 0.066875 0.0975 
0 0.08375 0.2904166666666667 0.07 0.0975 
0 0.2971875 0.3045833333333334 0.060625 0.08083333333333334 
0 0.5921875 0.8150000000000001 0.060625 0.085 
0 0.6884375 0.47500000000000003 0.058125 0.09000000000000001 
0 0.6690625 0.8933333333333334 0.059375000000000004 0.095 
0 0.8421875 0.77 0.061875 0.08333333333333334 
0 0.649375 0.7075 0.0725 0.08666666666666667 
0 0.5493750000000001 0.26833333333333337 0.06125 0.09166666666666667 
0 0.5203125 0.8245833333333333 0.056875 0.09083333333333334 
0 0.3503125 0.6079166666666667 0.054375 0.0825 
0 0.901875 0.12125000000000001 0.051250000000000004 0.08583333333333334 
0 0.038125 0.7275 0.07375 0.08833333333333333 
0 0.3803125 0.8341666666666667 0.054375 0.08833333333333333 
0 0.615 0.5775 0.06375 0.09000000000000001 
0 0.161875 0.5337500000000001 0.06125 0.08416666666666667 
0 0.598125 0.19083333333333335 0.058750000000000004 0.09333333333333334 
0 0.4565625 0.20833333333333334 0.073125 0.09166666666666667 
0 0.8078125 0.19333333333333336 0.061875 0.095 
0 0.0703125 0.7895833333333334 0.07062500000000001 0.08583333333333334 
0 0.8456250000000001 0.5954166666666667 0.06625 0.09916666666666667 
0 0.244375 0.29708333333333337 0.05625 0.08416666666666667 
0 0.2534375 0.71875 0.07187500000000001 0.09583333333333334 
0 0.4759375 0.35750000000000004 0.058125 0.08333333333333334 
0 0.29625 0.18375000000000002 0.06125 0.07416666666666667 
0 0.3096875 0.42708333333333337 0.074375 0.09083333333333334 
0 0.8896875 0.08 0.054375 0.09666666666666668 
0 0.50625 0.5495833333333334 0.08375 0.09916666666666667 
0 0.676875 0.33333333333333337 0.058750000000000004 0.07333333333333333 
0 0.9484375 0.6508333333333334 0.075625 0.09333333333333334 
0 0.4290625 0.44833333333333336 0.058125 0.08166666666666667 
0 0.3596875 0.29875 0.066875 0.08083333333333334 
0 0.87375 0.6295833333333334 0.0625 0.09250000000000001 
0 0.04875 0.3091666666666667 0.06625 0.07500000000000001 
0 0.4528125 0.5116666666666667 0.065625 0.08 
0 0.114375 0.3375 0.05 0.10666666666666667 
0 0.448125 0.6633333333333333 0.04625 0.09333333333333334 
0 0.06125 0.9416666666666668 0.06375 0.095 
0 0.769375 0.14916666666666667 0.043750000000000004 0.09166666666666667 
0 0.7681250000000001 0.45583333333333337 0.06 0.085 
0 0.8890625 0.69125 0.068125 0.0675 
0 0.7865625 0.5108333333333334 0.066875 0.08666666666666667 
0 0.3434375 0.41125 0.064375 0.08083333333333334 
0 0.229375 0.5479166666666667 0.043750000000000004 0.11750000000000001 
0 0.3621875 0.9475 0.066875 0.08166666666666667 
1 0.7434375 0.2754166666666667 0.080625 0.10916666666666668 
1 0.8728125 0.4445833333333334 0.080625 0.10416666666666667 
0 0.141875 0.21666666666666667 0.06625 0.10166666666666667 
0 0.33437500000000003 0.10125 0.07125000000000001 0.07250000000000001 
0 0.0703125 0.8383333333333334 0.054375 0.06833333333333334 
0 0.2534375 0.8770833333333334 0.046875 0.0825 
0 0.3521875 0.85875 0.066875 0.07250000000000001 
0 0.4009375 0.9675 0.066875 0.06166666666666667 
0 0.85 0.8141666666666667 0.04625 0.07833333333333334 
0 0.669375 0.84125 0.05625 0.08916666666666667 
0 0.595 0.5487500000000001 0.05625 0.07583333333333334 
0 0.5378125 0.24000000000000002 0.049375 0.08 
0 0.5778125000000001 0.16208333333333336 0.050625 0.09916666666666667 
0 0.588125 0.052500000000000005 0.058750000000000004 0.07500000000000001 
0 0.2890625 0.22 0.064375 0.08166666666666667 
0 0.50875 0.13416666666666668 0.06 0.09666666666666668 
0 0.4428125 0.03875 0.065625 0.0625 
0 0.5265625 0.42000000000000004 0.055625 0.07333333333333333 
0 0.455 0.37625000000000003 0.06125 0.0775 
0 0.415625 0.4141666666666667 0.06875 0.06666666666666667 
0 0.19187500000000002 0.5191666666666667 0.06125 0.08166666666666667 
0 0.889375 0.32458333333333333 0.06125 0.08583333333333334 
0 0.8028125 0.03875 0.056875 0.07083333333333333 
0 0.6521875 0.35250000000000004 0.07062500000000001 0.08333333333333334 
0 0.3134375 0.33083333333333337 0.061875 0.07833333333333334 
0 0.769375 0.7154166666666667 0.07 0.07083333333333333 
0 0.3771875 0.6133333333333334 0.060625 0.07666666666666667 
0 0.71125 0.49833333333333335 0.051250000000000004 0.07833333333333334 
