0 0.245625 0.3516666666666667 0.07 0.08333333333333334 
0 0.6190625 0.2316666666666667 0.068125 0.11166666666666668 
0 0.8871875 0.7020833333333334 0.061875 0.07583333333333334 
0 0.4678125 0.44833333333333336 0.069375 0.095 
0 0.210625 0.7066666666666667 0.0625 0.08833333333333333 
0 0.27375 0.7412500000000001 0.07125000000000001 0.0975 
0 0.8990625 0.35500000000000004 0.066875 0.09333333333333334 
0 0.5353125 0.11708333333333334 0.075625 0.09250000000000001 
0 0.2946875 0.2604166666666667 0.060625 0.10083333333333334 
0 0.1034375 0.35625 0.07062500000000001 0.10083333333333334 
0 0.42281250000000004 0.8816666666666667 0.064375 0.09166666666666667 
0 0.888125 0.9158333333333334 0.0675 0.085 
0 0.8096875 0.625 0.073125 0.09166666666666667 
0 0.5884375000000001 0.33708333333333335 0.064375 0.08750000000000001 
0 0.22375 0.07333333333333333 0.06125 0.09333333333333334 
0 0.1746875 0.2004166666666667 0.069375 0.09083333333333334 
0 0.314375 0.9291666666666667 0.04875 0.12333333333333334 
0 0.0478125 0.5508333333333334 0.07062500000000001 0.10500000000000001 
0 0.5025000000000001 0.95125 0.06875 0.08416666666666667 
0 0.4925 0.5158333333333334 0.06625 0.08666666666666667 
0 0.248125 0.5066666666666667 0.075 0.09000000000000001 
0 0.3221875 0.19416666666666668 0.065625 0.1 
0 0.9325 0.6029166666666667 0.07625 0.10416666666666667 
0 0.150625 0.6470833333333333 0.07 0.0975 
0 0.7065625 0.8700000000000001 0.056875 0.08666666666666667 
0 0.7696875 0.9129166666666667 0.065625 0.08416666666666667 
0 0.6218750000000001 0.88875 0.0525 0.09583333333333334 
0 0.638125 0.7970833333333334 0.065 0.09416666666666668 
0 0.6828125 0.4658333333333334 0.075625 0.095 
0 0.18625 0.4625 0.06625 0.10500000000000001 
0 0.4440625 0.6520833333333333 0.060625 0.12250000000000001 
0 0.37343750000000003 0.5270833333333333 0.061875 0.11416666666666668 
0 0.1265625 0.4575 0.051875000000000004 0.10833333333333334 
0 0.9440625 0.7225 0.056875 0.09666666666666668 
0 0.203125 0.9175000000000001 0.07 0.12333333333333334 
0 0.115625 0.72375 0.058750000000000004 0.1125 
0 0.9175 0.18416666666666667 0.09625 0.135 
0 0.3340625 0.5220833333333333 0.060625 0.1125 
0 0.344375 0.06583333333333334 0.055 0.12000000000000001 
0 0.08125 0.7695833333333334 0.04875 0.1391666666666667 
5 0.7909375000000001 0.8066666666666668 0.116875 0.14333333333333334 
