0 0.5546875 0.2341666666666667 0.07187500000000001 0.1 
0 0.3384375 0.41875 0.07062500000000001 0.09416666666666668 
0 0.9656250000000001 0.5558333333333334 0.0675 0.09333333333333334 
0 0.8828125 0.45875000000000005 0.066875 0.10583333333333333 
0 0.7721875 0.7316666666666667 0.061875 0.09166666666666667 
0 0.176875 0.4454166666666667 0.06875 0.08750000000000001 
0 0.16375 0.7854166666666668 0.0675 0.09250000000000001 
0 0.850625 0.8508333333333334 0.08375 0.07833333333333334 
0 0.5615625 0.058750000000000004 0.074375 0.07583333333333334 
0 0.486875 0.3891666666666667 0.06375 0.10333333333333335 
0 0.890625 0.56625 0.06875 0.10083333333333334 
0 0.286875 0.7275 0.0725 0.10833333333333334 
0 0.22375 0.8533333333333334 0.07875 0.08833333333333333 
0 0.54125 0.86875 0.06875 0.08750000000000001 
0 0.9450000000000001 0.44958333333333333 0.06625 0.10250000000000001 
0 0.5175 0.7529166666666667 0.065 0.09083333333333334 
0 0.8406250000000001 0.61375 0.0725 0.07583333333333334 
0 0.0525 0.3179166666666667 0.07125000000000001 0.08416666666666667 
0 0.84 0.7466666666666667 0.07375 0.09666666666666668 
0 0.47750000000000004 0.21208333333333335 0.06125 0.1125 
0 0.67375 0.9283333333333333 0.08125 0.07833333333333334 
0 0.279375 0.9025000000000001 0.0725 0.08333333333333334 
0 0.069375 0.7616666666666667 0.07625 0.09166666666666667 
0 0.1078125 0.5704166666666667 0.066875 0.08083333333333334 
0 0.5875 0.56125 0.075 0.11583333333333334 
0 0.224375 0.3383333333333334 0.065 0.10166666666666667 
0 0.463125 0.7408333333333333 0.0675 0.095 
0 0.2228125 0.6166666666666667 0.068125 0.09166666666666667 
0 0.21 0.7041666666666667 0.075 0.08333333333333334 
0 0.08375 0.18041666666666667 0.0775 0.09416666666666668 
0 0.08375 0.6654166666666667 0.06625 0.07416666666666667 
0 0.185 0.36375 0.07375 0.09583333333333334 
0 0.388125 0.745 0.08125 0.085 
0 0.3065625 0.2675 0.081875 0.07833333333333334 
0 0.7990625 0.4683333333333334 0.068125 0.10333333333333335 
0 0.9146875 0.22083333333333335 0.066875 0.10333333333333335 
0 0.6471875 0.29583333333333334 0.085625 0.07833333333333334 
0 0.15687500000000001 0.7383333333333334 0.0675 0.08666666666666667 
0 0.7840625 0.25708333333333333 0.074375 0.09583333333333334 
0 0.5790625 0.8008333333333334 0.066875 0.09000000000000001 
0 0.626875 0.8070833333333334 0.07125000000000001 0.09583333333333334 
0 0.3803125 0.3141666666666667 0.066875 0.07500000000000001 
0 0.48812500000000003 0.8416666666666667 0.085 0.06666666666666667 
0 0.9640625 0.8895833333333334 0.07062500000000001 0.08416666666666667 
0 0.32406250000000003 0.6504166666666668 0.074375 0.09416666666666668 
0 0.5165625 0.9466666666666668 0.084375 0.08833333333333333 
0 0.850625 0.5220833333333333 0.07 0.08416666666666667 
0 0.1678125 0.6383333333333334 0.084375 0.065 
0 0.2525 0.4320833333333334 0.07625 0.09083333333333334 
0 0.38625 0.6787500000000001 0.075 0.0775 
0 0.683125 0.8775000000000001 0.09125 0.07833333333333334 
0 0.4375 0.9537500000000001 0.07875 0.09083333333333334 
0 0.8875000000000001 0.9566666666666668 0.0775 0.08666666666666667 
0 0.2278125 0.5345833333333334 0.110625 0.05916666666666667 
0 0.3296875 0.21875000000000003 0.065625 0.07583333333333334 
0 0.3690625 0.24458333333333335 0.065625 0.11750000000000001 
4 0.743125 0.5570833333333334 0.07625 0.09416666666666668 
