0 0.130625 0.44833333333333336 0.07125000000000001 0.09166666666666667 
0 0.7665625 0.28375 0.080625 0.11083333333333334 
0 0.0859375 0.155 0.07187500000000001 0.09333333333333334 
0 0.32375 0.15041666666666667 0.0725 0.09916666666666667 
0 0.59125 0.6454166666666667 0.08125 0.0975 
0 0.42875 0.13333333333333333 0.0725 0.095 
0 0.4740625 0.20083333333333334 0.065625 0.09833333333333334 
0 0.6409375 0.7183333333333334 0.073125 0.08 
0 0.81125 0.9229166666666667 0.0725 0.09583333333333334 
0 0.341875 0.7258333333333333 0.06375 0.08666666666666667 
0 0.8353125 0.39416666666666667 0.073125 0.1 
0 0.2925 0.62 0.07375 0.10833333333333334 
0 0.2159375 0.06416666666666668 0.07187500000000001 0.11 
0 0.9375 0.9033333333333334 0.07125000000000001 0.09333333333333334 
0 0.3875 0.9266666666666667 0.0725 0.1 
0 0.7421875 0.6866666666666668 0.061875 0.08333333333333334 
0 0.0565625 0.6887500000000001 0.064375 0.08583333333333334 
0 0.948125 0.30208333333333337 0.07875 0.10916666666666668 
0 0.765625 0.08041666666666668 0.07 0.09916666666666667 
0 0.1271875 0.7875000000000001 0.069375 0.08833333333333333 
3 0.5465625000000001 0.17750000000000002 0.080625 0.095 
0 0.2203125 0.7250000000000001 0.079375 0.10666666666666667 
0 0.163125 0.8925000000000001 0.07 0.09333333333333334 
0 0.68 0.4133333333333334 0.07875 0.09833333333333334 
0 0.14625 0.053750000000000006 0.06875 0.10250000000000001 
0 0.5071875 0.37125 0.060625 0.08916666666666667 
0 0.0709375 0.05541666666666667 0.073125 0.0975 
0 0.27 0.10958333333333334 0.065 0.09250000000000001 
0 0.5053125 0.5195833333333334 0.074375 0.09583333333333334 
0 0.7225 0.5908333333333333 0.0725 0.09666666666666668 
0 0.875625 0.32 0.07 0.08333333333333334 
2 0.4703125 0.6666666666666667 0.094375 0.12833333333333335 
0 0.8146875 0.5904166666666667 0.08687500000000001 0.09583333333333334 
0 0.760625 0.41250000000000003 0.06875 0.095 
0 0.199375 0.5741666666666667 0.07125000000000001 0.1 
0 0.6553125 0.5058333333333334 0.075625 0.09666666666666668 
0 0.1328125 0.6916666666666668 0.074375 0.09666666666666668 
0 0.818125 0.7266666666666667 0.07875 0.095 
0 0.9234375 0.9475 0.08687500000000001 0.09666666666666668 
0 0.1009375 0.48458333333333337 0.078125 0.08750000000000001 
0 0.1703125 0.25916666666666666 0.053125 0.10500000000000001 
0 0.5928125 0.8662500000000001 0.075625 0.10083333333333334 
0 0.1240625 0.5904166666666667 0.080625 0.0975 
0 0.8646875 0.6775 0.069375 0.08833333333333333 
2 0.379375 0.26375000000000004 0.08125 0.14416666666666667 
0 0.2959375 0.37083333333333335 0.051875000000000004 0.11333333333333334 
0 0.2878125 0.7216666666666667 0.054375 0.09166666666666667 
0 0.7056250000000001 0.56125 0.07 0.09916666666666667 
