0 0.7146875 0.1625 0.065625 0.07500000000000001 
0 0.5615625 0.6504166666666668 0.069375 0.09583333333333334 
0 0.6128125 0.3829166666666667 0.069375 0.08916666666666667 
0 0.7828125 0.6008333333333333 0.060625 0.085 
0 0.8778125 0.58875 0.068125 0.0825 
0 0.205625 0.11041666666666668 0.05625 0.07416666666666667 
0 0.5540625 0.35750000000000004 0.064375 0.08166666666666667 
0 0.21531250000000002 0.7670833333333333 0.066875 0.08750000000000001 
0 0.63125 0.10125 0.051250000000000004 0.07583333333333334 
0 0.5753125 0.5183333333333333 0.060625 0.08166666666666667 
0 0.57875 0.12375000000000001 0.05625 0.06916666666666667 
0 0.288125 0.24500000000000002 0.06 0.08 
0 0.661875 0.6729166666666667 0.06125 0.09083333333333334 
0 0.914375 0.3529166666666667 0.058750000000000004 0.07083333333333333 
0 0.2665625 0.3591666666666667 0.065625 0.08666666666666667 
0 0.3278125 0.5525 0.060625 0.08 
0 0.875625 0.4945833333333334 0.0625 0.08916666666666667 
0 0.241875 0.17208333333333334 0.05625 0.07250000000000001 
0 0.566875 0.7616666666666667 0.06625 0.09000000000000001 
0 0.6596875 0.23958333333333334 0.065625 0.09083333333333334 
0 0.1915625 0.8575 0.068125 0.08166666666666667 
0 0.6771875 0.33 0.060625 0.07166666666666667 
0 0.815625 0.13333333333333333 0.0675 0.09666666666666668 
0 0.3021875 0.6133333333333334 0.061875 0.085 
0 0.94125 0.4970833333333334 0.07 0.08916666666666667 
0 0.0890625 0.9179166666666667 0.063125 0.08916666666666667 
0 0.7034375 0.6291666666666667 0.063125 0.085 
0 0.2390625 0.5279166666666667 0.050625 0.09250000000000001 
0 0.0440625 0.7633333333333334 0.061875 0.08166666666666667 
0 0.093125 0.11875000000000001 0.06375 0.0625 
0 0.075625 0.8404166666666667 0.06 0.08416666666666667 
0 0.9346875 0.6870833333333334 0.069375 0.08416666666666667 
0 0.395625 0.6308333333333334 0.065 0.08833333333333333 
0 0.8378125000000001 0.38125000000000003 0.055625 0.07083333333333333 
0 0.854375 0.63875 0.08125 0.1125 
0 0.8540625000000001 0.2541666666666667 0.068125 0.095 
0 0.8728125 0.7325 0.07187500000000001 0.095 
0 0.3284375 0.08708333333333333 0.049375 0.07916666666666668 
0 0.201875 0.4366666666666667 0.07 0.07500000000000001 
0 0.555625 0.8595833333333334 0.07 0.08750000000000001 
0 0.846875 0.8541666666666667 0.06 0.07500000000000001 
0 0.8903125000000001 0.41958333333333336 0.059375000000000004 0.07916666666666668 
0 0.3884375 0.27375 0.07062500000000001 0.0975 
0 0.609375 0.18333333333333335 0.065 0.08666666666666667 
0 0.4403125 0.43125 0.060625 0.07916666666666668 
0 0.1121875 0.19541666666666668 0.069375 0.08416666666666667 
0 0.2584375 0.6770833333333334 0.068125 0.08916666666666667 
0 0.756875 0.2629166666666667 0.075 0.0975 
0 0.9640625 0.615 0.061875 0.09333333333333334 
0 0.326875 0.31625000000000003 0.0625 0.09083333333333334 
0 0.504375 0.17833333333333334 0.075 0.08666666666666667 
0 0.6021875 0.29958333333333337 0.054375 0.07083333333333333 
0 0.249375 0.44583333333333336 0.0525 0.07166666666666667 
0 0.31 0.1675 0.06875 0.08833333333333333 
0 0.8390625 0.3016666666666667 0.066875 0.08 
0 0.10968750000000001 0.7841666666666667 0.07187500000000001 0.09166666666666667 
0 0.5046875 0.20750000000000002 0.060625 0.08333333333333334 
0 0.849375 0.7679166666666667 0.0675 0.09250000000000001 
0 0.08750000000000001 0.2341666666666667 0.06 0.085 
0 0.18875 0.2816666666666667 0.07 0.08833333333333333 
0 0.7240625 0.25125000000000003 0.063125 0.0825 
0 0.475625 0.35875 0.06625 0.07916666666666668 
0 0.4321875 0.1679166666666667 0.068125 0.06916666666666667 
0 0.34218750000000003 0.35208333333333336 0.066875 0.06916666666666667 
0 0.958125 0.41625 0.07375 0.08416666666666667 
4 0.6996875 0.8929166666666667 0.089375 0.1325 
0 0.806875 0.8895833333333334 0.0625 0.08583333333333334 
0 0.844375 0.9429166666666667 0.055 0.08583333333333334 
0 0.743125 0.32625000000000004 0.05625 0.0675 
0 0.796875 0.23458333333333334 0.07 0.09416666666666668 
1 0.8778125 0.09958333333333334 0.084375 0.09250000000000001 
1 0.39125 0.19333333333333336 0.0925 0.09166666666666667 
1 0.5275 0.09625 0.07625 0.10250000000000001 
1 0.304375 0.8983333333333334 0.1375 0.15333333333333335 
0 0.5025000000000001 0.7683333333333334 0.06125 0.085 
0 0.40375 0.7183333333333334 0.06625 0.085 
0 0.41250000000000003 0.7679166666666667 0.0625 0.08916666666666667 
0 0.464375 0.7308333333333333 0.055 0.09666666666666668 
0 0.3690625 0.665 0.061875 0.07833333333333334 
0 0.2253125 0.6062500000000001 0.073125 0.0825 
0 0.1471875 0.6658333333333334 0.064375 0.08333333333333334 
0 0.1278125 0.7095833333333333 0.063125 0.09250000000000001 
0 0.2025 0.615 0.065 0.09000000000000001 
0 0.3621875 0.24666666666666667 0.066875 0.07666666666666667 
0 0.7759375000000001 0.3104166666666667 0.068125 0.08583333333333334 
0 0.4678125 0.3279166666666667 0.093125 0.0675 
0 0.5806250000000001 0.20208333333333334 0.06 0.08416666666666667 
0 0.756875 0.95125 0.075 0.08750000000000001 
0 0.66125 0.046250000000000006 0.0525 0.07083333333333333 
0 0.6778125 0.09875 0.050625 0.06916666666666667 
0 0.3590625 0.1391666666666667 0.063125 0.07166666666666667 
0 0.5540625 0.05708333333333334 0.065625 0.07916666666666668 
0 0.9465625 0.08833333333333333 0.050625 0.07666666666666667 
0 0.954375 0.15083333333333335 0.058750000000000004 0.07333333333333333 
0 0.151875 0.5633333333333334 0.0575 0.08166666666666667 
0 0.3034375 0.43833333333333335 0.064375 0.07500000000000001 
0 0.3275 0.41958333333333336 0.0775 0.08416666666666667 
0 0.5459375 0.7462500000000001 0.051875000000000004 0.09083333333333334 
