0 0.32406250000000003 0.24250000000000002 0.079375 0.10166666666666667 
0 0.405 0.7283333333333334 0.07625 0.09333333333333334 
0 0.666875 0.3141666666666667 0.07625 0.10333333333333335 
0 0.5821875 0.32833333333333337 0.078125 0.1 
0 0.2634375 0.5766666666666667 0.07187500000000001 0.09833333333333334 
0 0.46375 0.5866666666666667 0.0675 0.08333333333333334 
0 0.6696875 0.7870833333333334 0.078125 0.10250000000000001 
0 0.44875 0.7833333333333334 0.06125 0.08166666666666667 
0 0.4253125 0.8920833333333333 0.073125 0.10250000000000001 
0 0.743125 0.7554166666666667 0.0725 0.0975 
0 0.059062500000000004 0.8320833333333334 0.073125 0.10750000000000001 
0 0.1653125 0.3304166666666667 0.068125 0.08416666666666667 
0 0.7571875 0.3554166666666667 0.075625 0.09416666666666668 
0 0.69375 0.6754166666666667 0.06375 0.09083333333333334 
0 0.6771875 0.8941666666666668 0.068125 0.095 
0 0.3375 0.36208333333333337 0.08 0.10250000000000001 
0 0.77625 0.48500000000000004 0.0775 0.10333333333333335 
0 0.4084375 0.5941666666666667 0.049375 0.06833333333333334 
1 0.1853125 0.21291666666666667 0.074375 0.10250000000000001 
0 0.2496875 0.4816666666666667 0.068125 0.08666666666666667 
1 0.0721875 0.5379166666666667 0.078125 0.1125 
0 0.7853125 0.28125 0.07062500000000001 0.08583333333333334 
0 0.436875 0.15875 0.07125000000000001 0.08416666666666667 
0 0.11156250000000001 0.6870833333333334 0.074375 0.10250000000000001 
0 0.28375 0.41458333333333336 0.0675 0.07916666666666668 
0 0.5509375 0.87875 0.054375 0.07416666666666667 
0 0.2325 0.15875 0.07625 0.11083333333333334 
0 0.12 0.25083333333333335 0.07 0.09833333333333334 
0 0.7884375 0.5870833333333334 0.074375 0.10416666666666667 
0 0.520625 0.7808333333333334 0.07 0.09000000000000001 
0 0.194375 0.09666666666666668 0.07625 0.09833333333333334 
0 0.614375 0.42375 0.07 0.09583333333333334 
0 0.7434375 0.8725 0.078125 0.10500000000000001 
0 0.07625 0.15583333333333335 0.07375 0.08666666666666667 
0 0.1825 0.6483333333333334 0.07625 0.11166666666666668 
0 0.561875 0.7566666666666667 0.0675 0.09166666666666667 
0 0.348125 0.5054166666666667 0.05375 0.0825 
0 0.625625 0.5941666666666667 0.06125 0.08333333333333334 
0 0.506875 0.8329166666666667 0.07125000000000001 0.10083333333333334 
0 0.6775 0.4025 0.06875 0.085 
0 0.765625 0.6829166666666667 0.0775 0.0775 
0 0.22625 0.36541666666666667 0.06125 0.08416666666666667 
0 0.11812500000000001 0.46625000000000005 0.08 0.10583333333333333 
0 0.4121875 0.35000000000000003 0.068125 0.07666666666666667 
0 0.4009375 0.51375 0.065625 0.08583333333333334 
0 0.64875 0.505 0.07375 0.10166666666666667 
0 0.514375 0.42375 0.07 0.060833333333333336 
0 0.26687500000000003 0.25083333333333335 0.05375 0.08666666666666667 
0 0.45875 0.4666666666666667 0.07 0.09333333333333334 
0 0.4975 0.2329166666666667 0.08 0.09416666666666668 
0 0.1853125 0.4425 0.065625 0.07833333333333334 
0 0.613125 0.8458333333333334 0.06375 0.10166666666666667 
0 0.5365625 0.35333333333333333 0.074375 0.10166666666666667 
0 0.236875 0.3091666666666667 0.0625 0.08166666666666667 
0 0.450625 0.25875000000000004 0.06625 0.08416666666666667 
1 0.9225 0.4475 0.07375 0.125 
0 0.0503125 0.9400000000000001 0.054375 0.08833333333333333 
0 0.38906250000000003 0.28500000000000003 0.064375 0.09666666666666668 
0 0.058125 0.2304166666666667 0.0675 0.08416666666666667 
0 0.639375 0.6641666666666667 0.0625 0.07 
1 0.3028125 0.72375 0.094375 0.12916666666666668 
1 0.8721875 0.6258333333333334 0.081875 0.125 
1 0.52125 0.5029166666666667 0.06375 0.09583333333333334 
1 0.9459375 0.09791666666666668 0.084375 0.18250000000000002 
1 0.314375 0.9008333333333334 0.0775 0.155 
0 0.3315625 0.5850000000000001 0.064375 0.1 
0 0.36843750000000003 0.6504166666666668 0.051875000000000004 0.08583333333333334 
0 0.1521875 0.4204166666666667 0.069375 0.09250000000000001 
0 0.0340625 0.32458333333333333 0.056875 0.08916666666666667 
0 0.0640625 0.32625000000000004 0.066875 0.0825 
0 0.0909375 0.3741666666666667 0.055625 0.08666666666666667 
0 0.11156250000000001 0.1925 0.063125 0.08166666666666667 
0 0.5796875 0.4625 0.063125 0.09833333333333334 
0 0.44375000000000003 0.42000000000000004 0.05625 0.07666666666666667 
0 0.3921875 0.2316666666666667 0.065625 0.085 
0 0.49875 0.13375 0.06375 0.0675 
0 0.354375 0.8504166666666667 0.051250000000000004 0.09250000000000001 
0 0.5784375 0.6833333333333333 0.065625 0.07666666666666667 
0 0.6696875 0.7458333333333333 0.064375 0.07666666666666667 
0 0.558125 0.6887500000000001 0.06875 0.09083333333333334 
0 0.5528125 0.5666666666666667 0.065625 0.1 
0 0.7212500000000001 0.5783333333333334 0.0625 0.07666666666666667 
0 0.6903125 0.5829166666666667 0.065625 0.09250000000000001 
0 0.7212500000000001 0.49375 0.06875 0.0825 
0 0.5834375 0.50375 0.07062500000000001 0.08416666666666667 
0 0.47000000000000003 0.3804166666666667 0.065 0.08083333333333334 
0 0.5025000000000001 0.30833333333333335 0.0725 0.07833333333333334 
0 0.4103125 0.8466666666666667 0.066875 0.08833333333333333 
0 0.913125 0.8783333333333334 0.0725 0.08166666666666667 
0 0.5856250000000001 0.5845833333333333 0.06125 0.07083333333333333 
0 0.6284375 0.8816666666666667 0.083125 0.09833333333333334 
0 0.249375 0.6758333333333334 0.07125000000000001 0.1 
