0 0.1909375 0.16125 0.083125 0.07083333333333333 
0 0.6590625 0.7100000000000001 0.068125 0.08333333333333334 
0 0.54625 0.14750000000000002 0.08 0.095 
0 0.48625 0.6429166666666667 0.07375 0.09916666666666667 
0 0.4025 0.4116666666666667 0.06625 0.095 
0 0.8871875 0.06708333333333334 0.069375 0.09416666666666668 
0 0.635 0.6075 0.06375 0.10333333333333335 
0 0.0890625 0.5233333333333333 0.064375 0.09000000000000001 
0 0.6546875 0.4916666666666667 0.066875 0.08833333333333333 
0 0.230625 0.75 0.07375 0.08833333333333333 
0 0.2959375 0.58375 0.081875 0.0825 
0 0.29031250000000003 0.9195833333333334 0.07187500000000001 0.09416666666666668 
0 0.84125 0.11333333333333334 0.07 0.095 
0 0.9596875 0.4716666666666667 0.063125 0.09000000000000001 
0 0.635625 0.8366666666666667 0.058750000000000004 0.08666666666666667 
0 0.414375 0.7887500000000001 0.07625 0.09416666666666668 
0 0.650625 0.4429166666666667 0.06375 0.10416666666666667 
0 0.7821875 0.8137500000000001 0.073125 0.09083333333333334 
0 0.8653125 0.20708333333333334 0.07187500000000001 0.07416666666666667 
0 0.7246875 0.07666666666666667 0.076875 0.095 
0 0.7225 0.7020833333333334 0.07625 0.07083333333333333 
0 0.4378125 0.2604166666666667 0.074375 0.0975 
0 0.1209375 0.6683333333333333 0.069375 0.08666666666666667 
0 0.744375 0.7875000000000001 0.0575 0.09333333333333334 
0 0.4121875 0.915 0.07062500000000001 0.08166666666666667 
0 0.4378125 0.33666666666666667 0.085625 0.07333333333333333 
0 0.3415625 0.39583333333333337 0.076875 0.08333333333333334 
0 0.42875 0.6737500000000001 0.06875 0.08750000000000001 
0 0.4946875 0.4945833333333334 0.08687500000000001 0.10083333333333334 
0 0.895625 0.7441666666666668 0.06375 0.09166666666666667 
0 0.6178125 0.2833333333333333 0.07062500000000001 0.08666666666666667 
0 0.949375 0.21875000000000003 0.065 0.10416666666666667 
0 0.71 0.4966666666666667 0.055 0.10666666666666667 
0 0.374375 0.685 0.0825 0.08833333333333333 
0 0.28750000000000003 0.30541666666666667 0.07625 0.09083333333333334 
0 0.5678125 0.36500000000000005 0.063125 0.08333333333333334 
0 0.2965625 0.18958333333333335 0.073125 0.08916666666666667 
0 0.6684375 0.6320833333333333 0.065625 0.10416666666666667 
0 0.44 0.8404166666666667 0.08375 0.06916666666666667 
0 0.170625 0.060000000000000005 0.0975 0.08166666666666667 
0 0.586875 0.0775 0.0925 0.07833333333333334 
0 0.7106250000000001 0.7916666666666667 0.07 0.1 
0 0.08 0.6083333333333334 0.08625000000000001 0.06666666666666667 
0 0.7940625 0.2066666666666667 0.075625 0.07500000000000001 
0 0.67625 0.9016666666666667 0.105 0.06333333333333334 
0 0.45 0.755 0.075 0.09000000000000001 
0 0.1759375 0.6179166666666667 0.069375 0.0975 
0 0.9215625000000001 0.8566666666666667 0.081875 0.10666666666666667 
0 0.784375 0.8945833333333334 0.08375 0.09083333333333334 
0 0.07906250000000001 0.7462500000000001 0.100625 0.0825 
0 0.2659375 0.4829166666666667 0.07062500000000001 0.07916666666666668 
0 0.703125 0.34875 0.06875 0.09583333333333334 
0 0.2084375 0.8491666666666667 0.063125 0.11 
0 0.2125 0.2604166666666667 0.07875 0.0825 
0 0.770625 0.2879166666666667 0.07375 0.09583333333333334 
0 0.4784375 0.23208333333333334 0.07187500000000001 0.09416666666666668 
0 0.32375 0.32916666666666666 0.0675 0.10833333333333334 
0 0.24125 0.5625 0.08 0.09333333333333334 
0 0.7428125 0.165 0.073125 0.10833333333333334 
0 0.145625 0.58625 0.07 0.10416666666666667 
0 0.64875 0.35750000000000004 0.0725 0.10500000000000001 
0 0.675 0.22625 0.075 0.0975 
0 0.78 0.15583333333333335 0.07375 0.10333333333333335 
0 0.151875 0.29541666666666666 0.0775 0.0975 
0 0.7465625 0.255 0.060625 0.07833333333333334 
0 0.4146875 0.08291666666666667 0.064375 0.09250000000000001 
0 0.2171875 0.5020833333333333 0.061875 0.12083333333333333 
0 0.24125 0.8387500000000001 0.0675 0.09916666666666667 
0 0.38406250000000003 0.2016666666666667 0.080625 0.10333333333333335 
0 0.169375 0.5154166666666667 0.0675 0.09250000000000001 
4 0.791875 0.3954166666666667 0.07875 0.0825 
0 0.08750000000000001 0.8475 0.08 0.10333333333333335 
0 0.115 0.2379166666666667 0.07625 0.09583333333333334 
0 0.4328125 0.9454166666666667 0.094375 0.08583333333333334 
0 0.265625 0.44083333333333335 0.06625 0.10500000000000001 
0 0.19593750000000001 0.3179166666666667 0.10312500000000001 0.06916666666666667 
0 0.5690625 0.32375000000000004 0.08687500000000001 0.08750000000000001 
