0 0.4784375 0.7204166666666667 0.078125 0.10916666666666668 
0 0.8396875 0.24541666666666667 0.07062500000000001 0.09250000000000001 
0 0.400625 0.16 0.075 0.10833333333333334 
0 0.0565625 0.4179166666666667 0.069375 0.08583333333333334 
0 0.3715625 0.060833333333333336 0.07062500000000001 0.10666666666666667 
0 0.7375 0.09458333333333334 0.06875 0.09583333333333334 
0 0.4784375 0.5654166666666667 0.078125 0.10416666666666667 
0 0.0821875 0.19833333333333333 0.07187500000000001 0.11 
0 0.62625 0.10083333333333334 0.07375 0.10500000000000001 
0 0.72875 0.6737500000000001 0.06875 0.10750000000000001 
0 0.8365625 0.3666666666666667 0.07187500000000001 0.095 
0 0.9353125 0.4091666666666667 0.064375 0.09000000000000001 
0 0.5503125 0.10541666666666667 0.076875 0.10583333333333333 
0 0.03875 0.65375 0.07375 0.10416666666666667 
0 0.22843750000000002 0.35083333333333333 0.069375 0.09333333333333334 
0 0.2803125 0.8629166666666668 0.07187500000000001 0.11416666666666668 
0 0.5471875 0.9020833333333333 0.075625 0.10750000000000001 
0 0.949375 0.5533333333333333 0.08375 0.115 
0 0.900625 0.48333333333333334 0.08 0.08833333333333333 
0 0.2634375 0.7241666666666667 0.074375 0.09666666666666668 
0 0.16593750000000002 0.39416666666666667 0.074375 0.09333333333333334 
0 0.1928125 0.9041666666666667 0.061875 0.09000000000000001 
0 0.135625 0.7275 0.07 0.09000000000000001 
0 0.3359375 0.5945833333333334 0.064375 0.09416666666666668 
0 0.06281250000000001 0.7516666666666667 0.076875 0.10166666666666667 
0 0.5853125 0.6787500000000001 0.083125 0.0975 
0 0.77375 0.4345833333333334 0.0675 0.09583333333333334 
0 0.6103125 0.77625 0.088125 0.11750000000000001 
0 0.61625 0.6145833333333334 0.07125000000000001 0.0975 
0 0.3971875 0.8991666666666667 0.068125 0.10833333333333334 
0 0.13375 0.2833333333333333 0.06375 0.10833333333333334 
0 0.28250000000000003 0.6270833333333333 0.07625 0.09583333333333334 
0 0.199375 0.2675 0.075 0.08833333333333333 
0 0.13343750000000001 0.5925 0.074375 0.09000000000000001 
0 0.3415625 0.7050000000000001 0.063125 0.085 
0 0.774375 0.18791666666666668 0.0725 0.09583333333333334 
0 0.5321875 0.6325000000000001 0.073125 0.095 
0 0.6431250000000001 0.20208333333333334 0.06625 0.09083333333333334 
0 0.798125 0.60375 0.0725 0.09416666666666668 
0 0.8396875 0.14583333333333334 0.078125 0.10333333333333335 
0 0.7312500000000001 0.5545833333333333 0.07625 0.09416666666666668 
0 0.5325 0.78625 0.0675 0.09583333333333334 
0 0.3453125 0.3154166666666667 0.080625 0.10750000000000001 
0 0.9496875 0.7579166666666667 0.07187500000000001 0.09916666666666667 
0 0.889375 0.31 0.075 0.08666666666666667 
0 0.5484375 0.21791666666666668 0.080625 0.10916666666666668 
0 0.2221875 0.69625 0.068125 0.0975 
0 0.711875 0.8870833333333333 0.065 0.09250000000000001 
0 0.57625 0.5066666666666667 0.07875 0.1 
0 0.855 0.8870833333333333 0.0725 0.08750000000000001 
0 0.49843750000000003 0.2733333333333334 0.055625 0.08333333333333334 
0 0.4728125 0.09791666666666668 0.074375 0.09083333333333334 
0 0.17375000000000002 0.07833333333333334 0.0675 0.09000000000000001 
0 0.863125 0.5858333333333333 0.085 0.1 
0 0.20750000000000002 0.8904166666666667 0.0675 0.0825 
0 0.07125000000000001 0.28583333333333333 0.07 0.1 
0 0.9615625 0.30333333333333334 0.061875 0.09000000000000001 
0 0.708125 0.5154166666666667 0.07125000000000001 0.10416666666666667 
0 0.8646875 0.6991666666666667 0.055625 0.09166666666666667 
0 0.333125 0.9229166666666667 0.06625 0.09250000000000001 
0 0.3659375 0.43041666666666667 0.07062500000000001 0.08916666666666667 
0 0.8221875000000001 0.7320833333333334 0.058125 0.08750000000000001 
0 0.57875 0.9375000000000001 0.065 0.09166666666666667 
0 0.348125 0.3729166666666667 0.06875 0.0975 
2 0.2778125 0.46458333333333335 0.068125 0.14416666666666667 
0 0.40625 0.39708333333333334 0.06875 0.09916666666666667 
0 0.1128125 0.9520833333333334 0.064375 0.09416666666666668 
0 0.695625 0.8745833333333334 0.0625 0.09083333333333334 
0 0.36 0.6920833333333334 0.0675 0.09083333333333334 
