0 0.5940625 0.4379166666666667 0.073125 0.08083333333333334 
0 0.6446875 0.23833333333333334 0.076875 0.07166666666666667 
0 0.945625 0.8054166666666667 0.08 0.1125 
0 0.215 0.5583333333333333 0.06625 0.09333333333333334 
0 0.6278125 0.16666666666666669 0.078125 0.095 
0 0.14 0.4466666666666667 0.06875 0.09000000000000001 
0 0.8421875 0.35250000000000004 0.068125 0.08666666666666667 
0 0.7875 0.83125 0.0775 0.10083333333333334 
0 0.429375 0.7945833333333334 0.0725 0.09416666666666668 
0 0.4084375 0.5220833333333333 0.078125 0.0825 
0 0.8515625 0.4754166666666667 0.085625 0.07416666666666667 
0 0.289375 0.5770833333333334 0.0725 0.08750000000000001 
0 0.5715625 0.35083333333333333 0.07062500000000001 0.10166666666666667 
0 0.5140625 0.8804166666666667 0.056875 0.09916666666666667 
0 0.3078125 0.23208333333333334 0.066875 0.09250000000000001 
0 0.731875 0.77875 0.0775 0.10750000000000001 
0 0.0803125 0.47375 0.084375 0.08916666666666667 
0 0.458125 0.9400000000000001 0.08375 0.08666666666666667 
0 0.5593750000000001 0.84375 0.06625 0.09416666666666668 
0 0.735625 0.2329166666666667 0.0625 0.0825 
0 0.8271875 0.4079166666666667 0.096875 0.07083333333333333 
0 0.160625 0.36583333333333334 0.08625000000000001 0.07500000000000001 
0 0.5178125 0.5591666666666667 0.07062500000000001 0.05166666666666667 
0 0.0821875 0.19 0.07062500000000001 0.07333333333333333 
0 0.6403125000000001 0.3325 0.069375 0.09333333333333334 
0 0.0646875 0.25333333333333335 0.078125 0.07666666666666667 
0 0.573125 0.6933333333333334 0.07125000000000001 0.07666666666666667 
0 0.4165625 0.6833333333333333 0.095625 0.09000000000000001 
0 0.7953125 0.2654166666666667 0.091875 0.07416666666666667 
0 0.9109375000000001 0.06166666666666667 0.096875 0.07666666666666667 
0 0.931875 0.41750000000000004 0.07 0.08 
0 0.274375 0.08666666666666667 0.07875 0.09166666666666667 
0 0.8053125 0.21083333333333334 0.075625 0.09000000000000001 
0 0.0578125 0.12166666666666667 0.060625 0.06833333333333334 
0 0.36375 0.21833333333333335 0.0525 0.11666666666666667 
0 0.26 0.3404166666666667 0.07125000000000001 0.10250000000000001 
0 0.4921875 0.46708333333333335 0.10312500000000001 0.0825 
0 0.324375 0.4691666666666667 0.06625 0.10166666666666667 
0 0.7328125 0.3579166666666667 0.083125 0.06583333333333334 
0 0.619375 0.88875 0.0675 0.07416666666666667 
0 0.5671875000000001 0.5545833333333333 0.07062500000000001 0.10583333333333333 
0 0.33718750000000003 0.34708333333333335 0.056875 0.11416666666666668 
0 0.4340625 0.5975 0.078125 0.06666666666666667 
0 0.3065625 0.17541666666666667 0.083125 0.07416666666666667 
0 0.1475 0.1 0.0725 0.085 
0 0.5865625 0.9095833333333334 0.083125 0.09083333333333334 
0 0.6125 0.6000000000000001 0.07 0.11 
0 0.7071875 0.44 0.081875 0.09166666666666667 
0 0.406875 0.14875000000000002 0.0675 0.11583333333333334 
0 0.7334375 0.9458333333333334 0.074375 0.09333333333333334 
0 0.4953125 0.7245833333333334 0.091875 0.10750000000000001 
0 0.22718750000000001 0.5016666666666667 0.10312500000000001 0.06666666666666667 
0 0.2225 0.21625000000000003 0.0675 0.10916666666666668 
0 0.2515625 0.26125000000000004 0.054375 0.11083333333333334 
0 0.860625 0.14958333333333335 0.07625 0.10750000000000001 
0 0.14 0.21333333333333335 0.07125000000000001 0.09166666666666667 
0 0.4184375 0.6679166666666667 0.07187500000000001 0.11083333333333334 
0 0.32156250000000003 0.0575 0.085625 0.09000000000000001 
0 0.6584375 0.47958333333333336 0.088125 0.07583333333333334 
0 0.8728125 0.92125 0.07062500000000001 0.09416666666666668 
0 0.04 0.05333333333333334 0.07875 0.08333333333333334 
0 0.153125 0.24791666666666667 0.08875 0.08750000000000001 
0 0.725 0.32 0.075 0.07166666666666667 
0 0.5415625000000001 0.6695833333333334 0.076875 0.0775 
0 0.155 0.30833333333333335 0.0725 0.09166666666666667 
0 0.19 0.29333333333333333 0.08875 0.09833333333333334 
0 0.8571875 0.6275000000000001 0.079375 0.11166666666666668 
0 0.654375 0.6425000000000001 0.08 0.10500000000000001 
