0 0.11031250000000001 0.16416666666666668 0.056875 0.09000000000000001 
0 0.2421875 0.7520833333333334 0.058125 0.0825 
0 0.0696875 0.7645833333333334 0.063125 0.08583333333333334 
0 0.6490625 0.18875 0.069375 0.08750000000000001 
0 0.7415625 0.3866666666666667 0.075625 0.08833333333333333 
0 0.5125 0.15958333333333335 0.06125 0.08750000000000001 
0 0.30125 0.7079166666666667 0.06375 0.08416666666666667 
4 0.7728125 0.7020833333333334 0.078125 0.10583333333333333 
0 0.3809375 0.095 0.064375 0.08166666666666667 
0 0.31625000000000003 0.8483333333333334 0.0725 0.09000000000000001 
0 0.6871875000000001 0.52 0.075625 0.1 
0 0.3753125 0.36541666666666667 0.058125 0.0825 
0 0.63625 0.5929166666666668 0.08 0.10083333333333334 
0 0.2765625 0.3175 0.069375 0.09333333333333334 
0 0.8375 0.5933333333333334 0.07 0.09166666666666667 
0 0.6678125 0.38083333333333336 0.074375 0.09833333333333334 
0 0.1921875 0.08833333333333333 0.064375 0.09166666666666667 
0 0.1028125 0.48875 0.064375 0.08416666666666667 
0 0.7640625 0.8904166666666667 0.068125 0.08416666666666667 
0 0.8668750000000001 0.3354166666666667 0.06875 0.08416666666666667 
0 0.150625 0.7579166666666667 0.05625 0.0775 
0 0.7009375 0.9425000000000001 0.059375000000000004 0.07333333333333333 
0 0.48031250000000003 0.90375 0.055625 0.07416666666666667 
0 0.2040625 0.8916666666666667 0.074375 0.09166666666666667 
0 0.6665625000000001 0.8204166666666667 0.081875 0.09583333333333334 
0 0.5365625 0.8870833333333333 0.065625 0.0825 
0 0.243125 0.28583333333333333 0.06875 0.09000000000000001 
0 0.874375 0.5066666666666667 0.0725 0.08833333333333333 
0 0.6784375 0.6645833333333334 0.069375 0.09083333333333334 
0 0.8859375 0.6637500000000001 0.064375 0.08416666666666667 
0 0.21406250000000002 0.4454166666666667 0.063125 0.0825 
1 0.40750000000000003 0.2733333333333334 0.08125 0.11 
0 0.44906250000000003 0.16375 0.066875 0.08583333333333334 
0 0.24281250000000001 0.051250000000000004 0.054375 0.08916666666666667 
0 0.2234375 0.5583333333333333 0.065625 0.08666666666666667 
0 0.9293750000000001 0.14458333333333334 0.07 0.0975 
0 0.25 0.47208333333333335 0.07 0.09083333333333334 
0 0.471875 0.3929166666666667 0.07625 0.09916666666666667 
0 0.9478125000000001 0.7220833333333334 0.065625 0.09083333333333334 
0 0.9115625 0.5841666666666667 0.064375 0.08833333333333333 
0 0.1015625 0.07458333333333333 0.069375 0.07416666666666667 
0 0.921875 0.92 0.07375 0.095 
0 0.3465625 0.15416666666666667 0.064375 0.09166666666666667 
0 0.57125 0.8200000000000001 0.06375 0.07500000000000001 
0 0.79 0.81125 0.0675 0.08750000000000001 
0 0.6634375 0.9 0.073125 0.09666666666666668 
0 0.5334375 0.3383333333333334 0.063125 0.11333333333333334 
