0 0.265 0.18041666666666667 0.0675 0.09916666666666667 
0 0.5878125 0.29208333333333336 0.059375000000000004 0.0825 
0 0.6175 0.9025000000000001 0.0625 0.095 
0 0.67375 0.09000000000000001 0.0725 0.09833333333333334 
0 0.1265625 0.13708333333333333 0.066875 0.09916666666666667 
0 0.045 0.45208333333333334 0.08 0.10916666666666668 
0 0.443125 0.34625 0.07375 0.10083333333333334 
0 0.8553125 0.6529166666666667 0.076875 0.0975 
0 0.2840625 0.7325 0.061875 0.08 
0 0.80125 0.7983333333333333 0.07125000000000001 0.10666666666666667 
0 0.7409375 0.6904166666666667 0.068125 0.09416666666666668 
0 0.7378125 0.35625 0.07187500000000001 0.09916666666666667 
0 0.3234375 0.45 0.068125 0.08666666666666667 
0 0.36843750000000003 0.37625000000000003 0.060625 0.09083333333333334 
0 0.2559375 0.9062500000000001 0.061875 0.08083333333333334 
0 0.7262500000000001 0.49250000000000005 0.07375 0.095 
0 0.52875 0.7258333333333333 0.0625 0.085 
0 0.3378125 0.15375 0.061875 0.0825 
0 0.5003125 0.065 0.069375 0.11 
0 0.9025 0.3254166666666667 0.0575 0.08750000000000001 
0 0.6853125 0.2066666666666667 0.066875 0.09166666666666667 
0 0.8884375 0.14916666666666667 0.073125 0.085 
0 0.9471875000000001 0.43500000000000005 0.078125 0.10500000000000001 
0 0.22 0.5012500000000001 0.08 0.09583333333333334 
0 0.7890625 0.5566666666666668 0.07187500000000001 0.09666666666666668 
0 0.4596875 0.8495833333333334 0.07062500000000001 0.09583333333333334 
0 0.1853125 0.9125000000000001 0.060625 0.07833333333333334 
0 0.7353125 0.9075000000000001 0.068125 0.09333333333333334 
0 0.6678125 0.41708333333333336 0.073125 0.09416666666666668 
0 0.5175 0.30875 0.058750000000000004 0.0775 
0 0.8621875 0.05333333333333334 0.079375 0.1 
0 0.5784375 0.0475 0.064375 0.09000000000000001 
0 0.8828125 0.83625 0.07062500000000001 0.10416666666666667 
0 0.3621875 0.7516666666666667 0.055625 0.07333333333333333 
0 0.446875 0.6545833333333334 0.07875 0.0975 
0 0.1565625 0.39208333333333334 0.061875 0.07916666666666668 
0 0.8978125 0.7720833333333333 0.068125 0.09250000000000001 
0 0.6575 0.29791666666666666 0.0625 0.08416666666666667 
0 0.29812500000000003 0.5383333333333333 0.075 0.10666666666666667 
0 0.6796875 0.6604166666666668 0.061875 0.08083333333333334 
0 0.91 0.21000000000000002 0.07375 0.10666666666666667 
0 0.051562500000000004 0.19041666666666668 0.074375 0.0825 
0 0.110625 0.7229166666666668 0.06375 0.08583333333333334 
0 0.3534375 0.9454166666666667 0.065625 0.08416666666666667 
0 0.6062500000000001 0.5166666666666667 0.085 0.1 
0 0.2125 0.6558333333333334 0.065 0.08666666666666667 
0 0.3353125 0.8483333333333334 0.063125 0.08166666666666667 
0 0.5759375 0.8133333333333334 0.069375 0.09666666666666668 
0 0.079375 0.23833333333333334 0.07 0.09166666666666667 
0 0.6325000000000001 0.5554166666666667 0.07 0.0975 
0 0.75125 0.03875 0.07125000000000001 0.07583333333333334 
0 0.030625 0.8470833333333334 0.06125 0.08083333333333334 
0 0.475625 0.9587500000000001 0.065 0.08083333333333334 
0 0.2371875 0.6233333333333334 0.058125 0.07666666666666667 
0 0.410625 0.8716666666666667 0.07375 0.10666666666666667 
0 0.2209375 0.43750000000000006 0.078125 0.1 
0 0.173125 0.2916666666666667 0.055 0.07833333333333334 
0 0.11812500000000001 0.7716666666666667 0.0725 0.09166666666666667 
0 0.9221875 0.9241666666666667 0.076875 0.09333333333333334 
0 0.035312500000000004 0.5804166666666667 0.064375 0.08916666666666667 
0 0.3653125 0.04875 0.068125 0.0975 
1 0.5865625 0.6379166666666667 0.08687500000000001 0.12250000000000001 
1 0.45156250000000003 0.15416666666666667 0.096875 0.13333333333333333 
1 0.6775 0.7970833333333334 0.08125 0.14750000000000002 
0 0.923125 0.3125 0.051250000000000004 0.07666666666666667 
0 0.7546875000000001 0.061250000000000006 0.064375 0.07583333333333334 
