0 0.75125 0.10083333333333334 0.0625 0.09000000000000001 
0 0.859375 0.69625 0.05625 0.08083333333333334 
0 0.25875 0.5508333333333334 0.06 0.09333333333333334 
0 0.0446875 0.13375 0.073125 0.10250000000000001 
0 0.51 0.64625 0.06 0.09583333333333334 
1 0.41000000000000003 0.8625 0.08125 0.115 
0 0.599375 0.73375 0.06875 0.09250000000000001 
0 0.9175 0.8133333333333334 0.07375 0.07833333333333334 
0 0.5115625 0.9012500000000001 0.064375 0.10083333333333334 
0 0.843125 0.17125 0.058750000000000004 0.0825 
0 0.784375 0.5950000000000001 0.065 0.085 
0 0.7775 0.7583333333333334 0.07 0.08666666666666667 
0 0.4028125 0.30250000000000005 0.064375 0.085 
0 0.458125 0.5666666666666667 0.07375 0.095 
0 0.6796875 0.7995833333333334 0.073125 0.09916666666666667 
0 0.904375 0.22416666666666668 0.06625 0.08333333333333334 
0 0.348125 0.645 0.0675 0.09166666666666667 
0 0.2540625 0.9504166666666667 0.07187500000000001 0.09083333333333334 
0 0.568125 0.3766666666666667 0.07125000000000001 0.11 
0 0.525 0.8 0.0725 0.095 
0 0.3178125 0.07625 0.068125 0.08750000000000001 
0 0.5671875000000001 0.16625 0.053125 0.0825 
0 0.6665625000000001 0.52875 0.059375000000000004 0.08750000000000001 
0 0.4990625 0.09291666666666668 0.061875 0.07916666666666668 
0 0.0809375 0.6195833333333334 0.064375 0.08416666666666667 
0 0.853125 0.43500000000000005 0.06 0.09000000000000001 
0 0.7196875 0.5404166666666667 0.063125 0.08583333333333334 
0 0.7975 0.42375 0.06 0.08916666666666667 
0 0.30375 0.7558333333333334 0.06375 0.07333333333333333 
0 0.25625 0.46166666666666667 0.058750000000000004 0.08166666666666667 
0 0.1775 0.7795833333333334 0.058750000000000004 0.0825 
0 0.3225 0.5645833333333333 0.07625 0.08583333333333334 
0 0.6540625 0.13333333333333333 0.068125 0.08833333333333333 
0 0.0815625 0.35875 0.053125 0.0775 
0 0.96375 0.8775000000000001 0.07125000000000001 0.085 
0 0.381875 0.5483333333333333 0.055 0.06666666666666667 
0 0.5925 0.2504166666666667 0.065 0.08750000000000001 
0 0.4625 0.4204166666666667 0.05625 0.08583333333333334 
0 0.6171875 0.2041666666666667 0.054375 0.07666666666666667 
1 0.9321875000000001 0.5166666666666667 0.090625 0.10333333333333335 
0 0.0471875 0.39666666666666667 0.063125 0.1 
0 0.0903125 0.052083333333333336 0.069375 0.09083333333333334 
0 0.3746875 0.71125 0.051875000000000004 0.07583333333333334 
0 0.203125 0.5537500000000001 0.0625 0.08750000000000001 
0 0.185625 0.5970833333333334 0.065 0.07250000000000001 
0 0.8828125 0.07708333333333334 0.075625 0.08583333333333334 
0 0.395 0.14458333333333334 0.07125000000000001 0.09916666666666667 
0 0.445625 0.7658333333333334 0.0475 0.06833333333333334 
0 0.5034375 0.15458333333333335 0.076875 0.09583333333333334 
0 0.28750000000000003 0.33708333333333335 0.06 0.0775 
0 0.368125 0.11791666666666667 0.06875 0.08750000000000001 
0 0.968125 0.41875 0.058750000000000004 0.0825 
0 0.6900000000000001 0.42375 0.0575 0.09083333333333334 
6 0.13593750000000002 0.36500000000000005 0.088125 0.10666666666666667 
0 0.5759375 0.9495833333333334 0.063125 0.07083333333333333 
0 0.235625 0.34875 0.055 0.07083333333333333 
0 0.9109375000000001 0.7029166666666667 0.07187500000000001 0.08416666666666667 
0 0.4253125 0.36375 0.075625 0.08750000000000001 
0 0.2803125 0.6779166666666667 0.07062500000000001 0.08583333333333334 
0 0.4365625 0.6970833333333334 0.066875 0.06416666666666668 
0 0.4603125 0.4479166666666667 0.059375000000000004 0.08750000000000001 
0 0.15375 0.28875 0.0575 0.08583333333333334 
0 0.5590625 0.6991666666666667 0.073125 0.07500000000000001 
0 0.6415625 0.9608333333333334 0.065625 0.07833333333333334 
0 0.1990625 0.32833333333333337 0.066875 0.07166666666666667 
0 0.0334375 0.4625 0.066875 0.08666666666666667 
0 0.9065625 0.7641666666666667 0.056875 0.058333333333333334 
