0 0.9293750000000001 0.9116666666666667 0.0625 0.08666666666666667 
0 0.434375 0.5854166666666667 0.0675 0.08416666666666667 
0 0.24125 0.24583333333333335 0.06625 0.07666666666666667 
0 0.160625 0.54625 0.058750000000000004 0.0775 
0 0.1790625 0.7795833333333334 0.060625 0.08083333333333334 
0 0.5325 0.26458333333333334 0.075 0.09083333333333334 
0 0.521875 0.4129166666666667 0.06125 0.08416666666666667 
0 0.925625 0.8225 0.06875 0.10166666666666667 
1 0.31 0.8083333333333333 0.07375 0.09833333333333334 
0 0.69375 0.58875 0.06 0.0775 
0 0.3640625 0.49250000000000005 0.065625 0.09166666666666667 
0 0.8703125 0.66625 0.07187500000000001 0.10083333333333334 
0 0.240625 0.59375 0.06375 0.09250000000000001 
0 0.58875 0.43875000000000003 0.06375 0.07583333333333334 
0 0.6315625 0.7166666666666667 0.068125 0.09000000000000001 
0 0.1196875 0.3591666666666667 0.07187500000000001 0.08333333333333334 
0 0.26875 0.9370833333333334 0.06875 0.08583333333333334 
0 0.76625 0.4783333333333334 0.06375 0.09333333333333334 
0 0.418125 0.7545833333333334 0.07 0.09250000000000001 
0 0.6375000000000001 0.2391666666666667 0.0725 0.07833333333333334 
0 0.9384375 0.3566666666666667 0.061875 0.07166666666666667 
0 0.5921875 0.07 0.064375 0.07166666666666667 
0 0.634375 0.39666666666666667 0.06 0.085 
0 0.6534375 0.4741666666666667 0.064375 0.09000000000000001 
0 0.258125 0.8008333333333334 0.051250000000000004 0.08333333333333334 
0 0.4415625 0.5066666666666667 0.059375000000000004 0.07333333333333333 
0 0.8684375 0.8116666666666668 0.060625 0.08833333333333333 
0 0.3659375 0.15458333333333335 0.049375 0.07250000000000001 
0 0.4578125 0.18958333333333335 0.063125 0.07083333333333333 
0 0.3375 0.7312500000000001 0.06625 0.07583333333333334 
0 0.750625 0.6620833333333334 0.06625 0.06916666666666667 
0 0.171875 0.24750000000000003 0.05375 0.09166666666666667 
0 0.79 0.11458333333333334 0.07 0.08750000000000001 
0 0.45625 0.9433333333333334 0.07875 0.08166666666666667 
0 0.48031250000000003 0.8441666666666667 0.055625 0.06833333333333334 
0 0.80375 0.8733333333333334 0.06125 0.08166666666666667 
0 0.7887500000000001 0.7325 0.051250000000000004 0.06833333333333334 
0 0.375 0.805 0.065 0.085 
0 0.7334375 0.7695833333333334 0.063125 0.08083333333333334 
0 0.2575 0.5066666666666667 0.06875 0.09333333333333334 
0 0.0446875 0.6854166666666667 0.050625 0.07250000000000001 
0 0.8090625 0.3641666666666667 0.068125 0.07500000000000001 
0 0.5728125000000001 0.8670833333333334 0.063125 0.07916666666666668 
0 0.32625 0.6366666666666667 0.06625 0.07666666666666667 
0 0.9075 0.6116666666666667 0.0575 0.07833333333333334 
0 0.7428125 0.27083333333333337 0.055625 0.07833333333333334 
3 0.33375 0.5933333333333334 0.07875 0.11166666666666668 
0 0.1040625 0.6891666666666667 0.060625 0.06333333333333334 
0 0.709375 0.2066666666666667 0.0675 0.08166666666666667 
0 0.884375 0.23500000000000001 0.0525 0.07500000000000001 
0 0.8884375 0.12541666666666668 0.055625 0.07583333333333334 
3 0.08875 0.24208333333333334 0.08125 0.10083333333333334 
0 0.5259375000000001 0.73875 0.056875 0.07416666666666667 
0 0.1825 0.10958333333333334 0.058750000000000004 0.07916666666666668 
0 0.8353125 0.5379166666666667 0.063125 0.08583333333333334 
0 0.2621875 0.5866666666666667 0.056875 0.07833333333333334 
0 0.4834375 0.11916666666666667 0.075625 0.08833333333333333 
0 0.8621875 0.31333333333333335 0.055625 0.08833333333333333 
0 0.9384375 0.7495833333333334 0.053125 0.0675 
0 0.38406250000000003 0.3304166666666667 0.053125 0.07083333333333333 
0 0.473125 0.4654166666666667 0.06625 0.060833333333333336 
0 0.71875 0.32708333333333334 0.06125 0.07416666666666667 
0 0.08 0.7129166666666668 0.0575 0.0825 
0 0.8159375 0.43083333333333335 0.050625 0.07333333333333333 
0 0.57625 0.7245833333333334 0.0525 0.0775 
0 0.1415625 0.17541666666666667 0.074375 0.07416666666666667 
0 0.608125 0.8154166666666667 0.055 0.07083333333333333 
0 0.7106250000000001 0.5179166666666667 0.0525 0.07083333333333333 
0 0.6859375 0.36125 0.063125 0.0775 
0 0.4396875 0.17833333333333334 0.061875 0.07666666666666667 
0 0.1365625 0.08416666666666667 0.046875 0.07166666666666667 
0 0.659375 0.8616666666666667 0.0475 0.07166666666666667 
0 0.4440625 0.8883333333333334 0.046875 0.07166666666666667 
0 0.1190625 0.27 0.065625 0.095 
0 0.1690625 0.04416666666666667 0.055625 0.08666666666666667 
0 0.10250000000000001 0.8816666666666667 0.055 0.07333333333333333 
0 0.7253125 0.4104166666666667 0.056875 0.07250000000000001 
0 0.091875 0.6141666666666667 0.0625 0.07333333333333333 
0 0.7215625 0.9304166666666668 0.064375 0.0825 
0 0.368125 0.24375000000000002 0.0475 0.07583333333333334 
0 0.8428125 0.7333333333333334 0.055625 0.065 
1 0.4190625 0.24458333333333335 0.065625 0.12250000000000001 
1 0.323125 0.21791666666666668 0.06875 0.13083333333333333 
0 0.731875 0.8425 0.06 0.065 
0 0.525 0.80625 0.055 0.08916666666666667 
0 0.19 0.40208333333333335 0.06875 0.0625 
0 0.069375 0.5487500000000001 0.0575 0.060833333333333336 
0 0.94625 0.28958333333333336 0.058750000000000004 0.0625 
0 0.8428125 0.11208333333333334 0.038125 0.08083333333333334 
0 0.4859375 0.04041666666666667 0.058125 0.07416666666666667 
0 0.234375 0.17916666666666667 0.05 0.05666666666666667 
0 0.1003125 0.058750000000000004 0.041875 0.09250000000000001 
0 0.0771875 0.11666666666666667 0.060625 0.07500000000000001 
0 0.304375 0.2304166666666667 0.0575 0.0775 
0 0.0421875 0.21333333333333335 0.049375 0.06833333333333334 
