0 0.05 0.19041666666666668 0.058750000000000004 0.09250000000000001 
0 0.3209375 0.6379166666666667 0.063125 0.10416666666666667 
0 0.374375 0.405 0.06875 0.08333333333333334 
0 0.63625 0.7616666666666667 0.0775 0.11333333333333334 
0 0.13125 0.14958333333333335 0.065 0.09583333333333334 
0 0.735 0.9091666666666667 0.07 0.1 
0 0.315 0.18875 0.065 0.08583333333333334 
0 0.07062500000000001 0.71625 0.0625 0.08416666666666667 
0 0.135625 0.6166666666666667 0.06625 0.085 
0 0.61375 0.3354166666666667 0.07125000000000001 0.09916666666666667 
0 0.9243750000000001 0.49750000000000005 0.075 0.10333333333333335 
0 0.4609375 0.9 0.080625 0.095 
0 0.5750000000000001 0.13958333333333334 0.07625 0.09583333333333334 
0 0.558125 0.5225000000000001 0.07375 0.10500000000000001 
0 0.8309375 0.26583333333333337 0.063125 0.11 
0 0.19125 0.93125 0.06375 0.10083333333333334 
0 0.0525 0.59375 0.065 0.08583333333333334 
0 0.3484375 0.31708333333333333 0.059375000000000004 0.09416666666666668 
0 0.168125 0.8429166666666668 0.0625 0.10750000000000001 
0 0.743125 0.34708333333333335 0.06625 0.10416666666666667 
0 0.3425 0.76875 0.07625 0.08583333333333334 
1 0.104375 0.8070833333333334 0.07625 0.10750000000000001 
0 0.1278125 0.22583333333333336 0.074375 0.09666666666666668 
0 0.7165625 0.22791666666666668 0.07187500000000001 0.09583333333333334 
0 0.8515625 0.10166666666666667 0.056875 0.10500000000000001 
0 0.6875 0.2808333333333333 0.0725 0.08666666666666667 
0 0.9378125 0.39583333333333337 0.065625 0.10333333333333335 
0 0.905625 0.895 0.0625 0.12000000000000001 
0 0.0815625 0.3529166666666667 0.063125 0.10750000000000001 
0 0.68125 0.34 0.06375 0.08833333333333333 
4 0.9096875 0.11541666666666667 0.07187500000000001 0.10750000000000001 
0 0.6346875 0.24125000000000002 0.061875 0.11083333333333334 
0 0.5865625 0.20750000000000002 0.07062500000000001 0.10500000000000001 
0 0.323125 0.8533333333333334 0.08 0.09166666666666667 
0 0.8853125000000001 0.27416666666666667 0.059375000000000004 0.12000000000000001 
0 0.033125 0.31333333333333335 0.055 0.12333333333333334 
