0 0.926875 0.5079166666666667 0.0775 0.0775 
4 0.240625 0.22708333333333336 0.07625 0.10750000000000001 
0 0.61875 0.5875 0.07875 0.10500000000000001 
0 0.8209375 0.5275000000000001 0.066875 0.08166666666666667 
0 0.89375 0.3804166666666667 0.06875 0.0975 
0 0.3346875 0.7020833333333334 0.069375 0.08916666666666667 
0 0.7415625 0.27208333333333334 0.076875 0.09916666666666667 
0 0.4653125 0.2783333333333334 0.058125 0.08166666666666667 
0 0.8465625 0.6279166666666667 0.07187500000000001 0.11083333333333334 
0 0.536875 0.6483333333333334 0.07875 0.10333333333333335 
0 0.2821875 0.8725 0.083125 0.08333333333333334 
0 0.8653125 0.9270833333333334 0.081875 0.09583333333333334 
0 0.5328125 0.29458333333333336 0.07062500000000001 0.10416666666666667 
0 0.7271875 0.36000000000000004 0.079375 0.09000000000000001 
0 0.7846875 0.8983333333333334 0.083125 0.10166666666666667 
0 0.725625 0.11708333333333334 0.0775 0.09916666666666667 
0 0.310625 0.050833333333333335 0.07875 0.085 
0 0.4890625 0.50625 0.073125 0.09583333333333334 
0 0.1528125 0.5800000000000001 0.075625 0.085 
0 0.0521875 0.905 0.066875 0.09666666666666668 
0 0.253125 0.7029166666666667 0.07125000000000001 0.08750000000000001 
0 0.92625 0.29875 0.08625000000000001 0.07916666666666668 
0 0.9159375000000001 0.21708333333333335 0.084375 0.08750000000000001 
0 0.1171875 0.8816666666666667 0.075625 0.10166666666666667 
0 0.754375 0.8016666666666667 0.08 0.08833333333333333 
0 0.4496875 0.11875000000000001 0.07062500000000001 0.08750000000000001 
0 0.1884375 0.07875 0.075625 0.08750000000000001 
0 0.348125 0.29958333333333337 0.07125000000000001 0.0775 
0 0.6375000000000001 0.19875 0.08125 0.09083333333333334 
0 0.41375 0.25375000000000003 0.07 0.07916666666666668 
0 0.4875 0.046250000000000006 0.075 0.08750000000000001 
0 0.745625 0.5033333333333334 0.0825 0.08666666666666667 
0 0.6531250000000001 0.49250000000000005 0.07625 0.095 
0 0.1509375 0.42625 0.064375 0.0825 
0 0.77625 0.21500000000000002 0.07 0.08666666666666667 
0 0.1628125 0.8233333333333334 0.094375 0.08333333333333334 
0 0.800625 0.1525 0.0825 0.09000000000000001 
0 0.933125 0.5791666666666667 0.10250000000000001 0.08 
0 0.9293750000000001 0.6320833333333333 0.09 0.09083333333333334 
0 0.36 0.3866666666666667 0.0725 0.09333333333333334 
0 0.8846875000000001 0.042083333333333334 0.080625 0.0825 
0 0.9603125 0.38625000000000004 0.068125 0.11083333333333334 
