0 0.090625 0.16583333333333333 0.07625 0.09833333333333334 
2 0.8309375 0.16875 0.093125 0.10750000000000001 
0 0.9390625 0.33666666666666667 0.08687500000000001 0.11 
0 0.315625 0.28958333333333336 0.0775 0.10083333333333334 
0 0.9303125 0.8645833333333334 0.084375 0.1125 
0 0.584375 0.5658333333333334 0.07875 0.10166666666666667 
0 0.1140625 0.6954166666666667 0.094375 0.08916666666666667 
0 0.7871875 0.38708333333333333 0.085625 0.10916666666666668 
0 0.5253125 0.7975000000000001 0.07187500000000001 0.11666666666666667 
0 0.5753125 0.23875000000000002 0.079375 0.11750000000000001 
0 0.65625 0.5437500000000001 0.09125 0.10416666666666667 
0 0.2671875 0.7466666666666667 0.084375 0.10500000000000001 
0 0.1303125 0.5333333333333333 0.074375 0.10666666666666667 
0 0.330625 0.09208333333333334 0.08875 0.10916666666666668 
0 0.299375 0.4229166666666667 0.08375 0.10250000000000001 
0 0.896875 0.07708333333333334 0.07625 0.12083333333333333 
0 0.260625 0.24250000000000002 0.08375 0.11333333333333334 
0 0.42312500000000003 0.8975000000000001 0.08750000000000001 0.10333333333333335 
0 0.4625 0.29125 0.07125000000000001 0.11083333333333334 
0 0.5978125 0.16833333333333333 0.081875 0.10166666666666667 
0 0.39968750000000003 0.8233333333333334 0.094375 0.08666666666666667 
0 0.18875 0.24458333333333335 0.08875 0.0975 
0 0.1253125 0.4254166666666667 0.080625 0.11750000000000001 
0 0.2171875 0.7320833333333334 0.085625 0.12083333333333333 
0 0.7246875 0.08833333333333333 0.07062500000000001 0.14166666666666666 
1 0.6625 0.12875 0.10625 0.1275 
0 0.74125 0.4491666666666667 0.07875 0.09166666666666667 
0 0.925 0.23583333333333334 0.095 0.1 
0 0.86625 0.26458333333333334 0.07875 0.0975 
0 0.74375 0.5341666666666667 0.11875000000000001 0.12166666666666667 
0 0.3878125 0.7608333333333334 0.129375 0.08 
0 0.30593750000000003 0.9225000000000001 0.10187500000000001 0.10500000000000001 
