0 0.09531250000000001 0.7391666666666667 0.063125 0.09000000000000001 
0 0.15375 0.7675000000000001 0.0575 0.08 
0 0.8990625 0.4395833333333334 0.069375 0.09583333333333334 
0 0.3046875 0.07708333333333334 0.064375 0.08750000000000001 
0 0.5775 0.685 0.06875 0.09833333333333334 
0 0.5796875 0.21750000000000003 0.068125 0.08833333333333333 
0 0.938125 0.5691666666666667 0.07125000000000001 0.1 
0 0.22718750000000001 0.90375 0.07187500000000001 0.09083333333333334 
0 0.2015625 0.8416666666666667 0.059375000000000004 0.08833333333333333 
0 0.12125 0.0825 0.06875 0.09333333333333334 
0 0.6296875000000001 0.9283333333333333 0.073125 0.11333333333333334 
0 0.52375 0.37125 0.0625 0.08416666666666667 
0 0.9059375000000001 0.15375 0.07062500000000001 0.09416666666666668 
0 0.8146875 0.6608333333333334 0.073125 0.09833333333333334 
0 0.850625 0.7829166666666667 0.0675 0.10250000000000001 
0 0.25625 0.7191666666666667 0.0575 0.11 
0 0.2965625 0.56625 0.069375 0.08916666666666667 
0 0.6359375 0.4404166666666667 0.063125 0.10583333333333333 
0 0.5075000000000001 0.19 0.065 0.1 
0 0.48625 0.29500000000000004 0.06 0.095 
0 0.70125 0.8245833333333333 0.07 0.11750000000000001 
0 0.20500000000000002 0.18291666666666667 0.0725 0.09916666666666667 
0 0.8575 0.9229166666666667 0.07625 0.10583333333333333 
0 0.4715625 0.9337500000000001 0.069375 0.11750000000000001 
0 0.7675000000000001 0.47125000000000006 0.07 0.10083333333333334 
3 0.37625000000000003 0.12041666666666667 0.0925 0.12416666666666668 
2 0.224375 0.48750000000000004 0.09125 0.11833333333333335 
0 0.0865625 0.9516666666666668 0.07187500000000001 0.09666666666666668 
