0 0.1778125 0.08541666666666667 0.064375 0.08750000000000001 
0 0.785625 0.06666666666666667 0.0675 0.08333333333333334 
0 0.0559375 0.26958333333333334 0.069375 0.0975 
0 0.64375 0.43625 0.06625 0.08750000000000001 
0 0.11093750000000001 0.6070833333333334 0.066875 0.08916666666666667 
0 0.199375 0.8283333333333334 0.075 0.09833333333333334 
0 0.0625 0.36250000000000004 0.06875 0.095 
0 0.525 0.07708333333333334 0.06375 0.08416666666666667 
0 0.7540625 0.5591666666666667 0.064375 0.08166666666666667 
0 0.7475 0.6879166666666667 0.065 0.08416666666666667 
0 0.3115625 0.4891666666666667 0.056875 0.09833333333333334 
0 0.1625 0.5279166666666667 0.06625 0.08750000000000001 
0 0.884375 0.12625 0.0625 0.07916666666666668 
0 0.8 0.26083333333333336 0.0675 0.09000000000000001 
0 0.8075 0.4204166666666667 0.06375 0.09083333333333334 
0 0.5609375 0.7404166666666667 0.065625 0.08916666666666667 
0 0.3665625 0.18000000000000002 0.07062500000000001 0.09833333333333334 
0 0.081875 0.45083333333333336 0.0675 0.10166666666666667 
0 0.14 0.3816666666666667 0.07 0.10166666666666667 
0 0.4390625 0.8920833333333333 0.055625 0.08083333333333334 
0 0.19968750000000002 0.65 0.073125 0.08 
0 0.68125 0.68625 0.0575 0.10416666666666667 
0 0.41000000000000003 0.8404166666666667 0.06875 0.09583333333333334 
0 0.570625 0.5854166666666667 0.07375 0.10750000000000001 
0 0.346875 0.40625 0.05375 0.08083333333333334 
0 0.2034375 0.935 0.065625 0.09833333333333334 
0 0.5484375 0.37000000000000005 0.060625 0.10666666666666667 
0 0.2490625 0.1875 0.061875 0.07666666666666667 
0 0.4765625 0.9554166666666667 0.064375 0.0775 
0 0.6878125 0.21083333333333334 0.054375 0.07500000000000001 
0 0.3078125 0.1679166666666667 0.066875 0.10083333333333334 
0 0.41000000000000003 0.28 0.07 0.10166666666666667 
1 0.940625 0.060000000000000005 0.07625 0.09833333333333334 
0 0.20125 0.2516666666666667 0.05 0.06666666666666667 
4 0.06625 0.6833333333333333 0.08625000000000001 0.10333333333333335 
0 0.07625 0.1691666666666667 0.0775 0.08833333333333333 
0 0.965 0.4179166666666667 0.0675 0.08916666666666667 
0 0.829375 0.16541666666666668 0.04875 0.07250000000000001 
0 0.6743750000000001 0.7979166666666667 0.06 0.10416666666666667 
0 0.6171875 0.6154166666666667 0.058125 0.09250000000000001 
0 0.8421875 0.5525 0.089375 0.07833333333333334 
0 0.2946875 0.3066666666666667 0.058125 0.08666666666666667 
0 0.5090625 0.25583333333333336 0.053125 0.11 
0 0.5209375 0.3225 0.058125 0.10833333333333334 
0 0.76375 0.15708333333333335 0.055 0.10750000000000001 
0 0.594375 0.14666666666666667 0.05375 0.07833333333333334 
0 0.3628125 0.28208333333333335 0.066875 0.08083333333333334 
0 0.3971875 0.04416666666666667 0.065625 0.08666666666666667 
