0 0.700625 0.2579166666666667 0.0625 0.09083333333333334 
0 0.22 0.7270833333333334 0.0725 0.0975 
0 0.33625 0.7395833333333334 0.06875 0.09916666666666667 
0 0.0821875 0.28458333333333335 0.078125 0.08916666666666667 
0 0.57625 0.21166666666666667 0.06375 0.08166666666666667 
0 0.8209375 0.21916666666666668 0.065625 0.08666666666666667 
0 0.5765625 0.5008333333333334 0.056875 0.095 
0 0.4759375 0.23208333333333334 0.064375 0.09083333333333334 
0 0.7925 0.29833333333333334 0.0625 0.08833333333333333 
0 0.425 0.915 0.06875 0.10833333333333334 
0 0.8143750000000001 0.3766666666666667 0.07125000000000001 0.085 
0 0.1196875 0.6504166666666668 0.068125 0.10083333333333334 
0 0.2253125 0.38958333333333334 0.064375 0.09916666666666667 
0 0.5215625 0.5395833333333334 0.065625 0.09250000000000001 
0 0.5309375000000001 0.6433333333333334 0.07062500000000001 0.1 
0 0.07125000000000001 0.37625000000000003 0.06625 0.10416666666666667 
0 0.83375 0.775 0.06875 0.09166666666666667 
0 0.76 0.6258333333333334 0.07 0.09333333333333334 
0 0.7459375 0.7966666666666667 0.07062500000000001 0.10166666666666667 
0 0.8668750000000001 0.29791666666666666 0.065 0.0825 
0 0.353125 0.42208333333333337 0.07375 0.10083333333333334 
0 0.5296875 0.13125 0.07187500000000001 0.09416666666666668 
0 0.42812500000000003 0.7250000000000001 0.0675 0.095 
0 0.9253125 0.22666666666666668 0.073125 0.095 
0 0.4471875 0.3066666666666667 0.07187500000000001 0.085 
0 0.5621875000000001 0.31833333333333336 0.066875 0.09166666666666667 
0 0.8490625 0.64 0.059375000000000004 0.115 
0 0.43062500000000004 0.555 0.06 0.1 
0 0.449375 0.3804166666666667 0.07125000000000001 0.0825 
0 0.63375 0.5229166666666667 0.065 0.08416666666666667 
0 0.1246875 0.8983333333333334 0.066875 0.08666666666666667 
0 0.6062500000000001 0.3804166666666667 0.07875 0.11583333333333334 
0 0.6421875 0.9433333333333334 0.079375 0.10500000000000001 
0 0.9671875 0.46208333333333335 0.064375 0.09250000000000001 
0 0.68625 0.4395833333333334 0.085 0.09583333333333334 
0 0.248125 0.07833333333333334 0.06625 0.09000000000000001 
0 0.23 0.11583333333333334 0.075 0.09000000000000001 
0 0.9078125 0.2529166666666667 0.069375 0.08083333333333334 
4 0.6475 0.40166666666666667 0.09625 0.1 
