0 0.7615625 0.5779166666666667 0.078125 0.09083333333333334 
0 0.5378125 0.8700000000000001 0.066875 0.09833333333333334 
0 0.695625 0.2041666666666667 0.06375 0.09000000000000001 
0 0.3771875 0.39625000000000005 0.064375 0.08416666666666667 
0 0.5134375 0.22083333333333335 0.076875 0.10833333333333334 
0 0.478125 0.8945833333333334 0.0675 0.09916666666666667 
0 0.31093750000000003 0.40125000000000005 0.063125 0.06916666666666667 
0 0.8671875 0.10916666666666668 0.084375 0.09000000000000001 
0 0.2828125 0.9391666666666667 0.07187500000000001 0.09833333333333334 
0 0.36125 0.8816666666666667 0.06125 0.08666666666666667 
0 0.5403125 0.6758333333333334 0.069375 0.09833333333333334 
0 0.228125 0.31625000000000003 0.06625 0.11416666666666668 
0 0.2665625 0.4633333333333334 0.078125 0.10166666666666667 
0 0.7212500000000001 0.7695833333333334 0.06875 0.10083333333333334 
0 0.7815625 0.8833333333333334 0.066875 0.115 
0 0.1453125 0.13625 0.064375 0.09250000000000001 
0 0.0528125 0.3279166666666667 0.069375 0.11416666666666668 
0 0.4653125 0.7279166666666668 0.07187500000000001 0.0975 
0 0.5925 0.6066666666666667 0.07 0.08666666666666667 
0 0.27968750000000003 0.74375 0.065625 0.08916666666666667 
0 0.46187500000000004 0.42083333333333334 0.08125 0.09666666666666668 
0 0.2228125 0.8508333333333334 0.056875 0.10500000000000001 
0 0.395625 0.6991666666666667 0.075 0.11 
0 0.7959375 0.10833333333333334 0.073125 0.09666666666666668 
0 0.9606250000000001 0.40958333333333335 0.0725 0.07916666666666668 
0 0.3715625 0.22416666666666668 0.074375 0.1 
0 0.058125 0.87875 0.06875 0.08916666666666667 
0 0.9096875 0.32916666666666666 0.07062500000000001 0.09166666666666667 
0 0.7075 0.08166666666666667 0.075 0.09833333333333334 
0 0.7890625 0.34625 0.069375 0.0975 
0 0.70875 0.4141666666666667 0.07125000000000001 0.08166666666666667 
0 0.6384375 0.7216666666666667 0.07062500000000001 0.095 
0 0.8021875 0.19083333333333335 0.074375 0.08833333333333333 
0 0.8865625 0.41500000000000004 0.068125 0.1 
0 0.72375 0.8662500000000001 0.0575 0.10750000000000001 
0 0.8490625 0.6950000000000001 0.073125 0.095 
0 0.5828125000000001 0.43125 0.07062500000000001 0.09916666666666667 
0 0.796875 0.4295833333333334 0.08 0.08416666666666667 
0 0.9503125 0.8008333333333334 0.07187500000000001 0.09666666666666668 
0 0.9328125 0.21541666666666667 0.075625 0.10250000000000001 
0 0.356875 0.7929166666666667 0.07875 0.09916666666666667 
0 0.4478125 0.26625000000000004 0.064375 0.10083333333333334 
0 0.06375 0.5295833333333334 0.06625 0.09916666666666667 
0 0.5446875 0.7404166666666667 0.080625 0.06916666666666667 
0 0.1784375 0.47500000000000003 0.065625 0.09833333333333334 
0 0.31093750000000003 0.6866666666666668 0.064375 0.1 
0 0.55375 0.115 0.0675 0.09666666666666668 
0 0.6884375 0.32666666666666666 0.073125 0.09666666666666668 
0 0.2090625 0.7520833333333334 0.075625 0.09916666666666667 
0 0.6384375 0.06875 0.07062500000000001 0.11416666666666668 
0 0.8365625 0.7941666666666667 0.066875 0.11 
0 0.3490625 0.135 0.066875 0.09166666666666667 
0 0.6509375000000001 0.48958333333333337 0.078125 0.10583333333333333 
0 0.243125 0.6520833333333333 0.06 0.07916666666666668 
0 0.43343750000000003 0.32 0.053125 0.09833333333333334 
0 0.1065625 0.4466666666666667 0.07062500000000001 0.10500000000000001 
0 0.113125 0.35208333333333336 0.0625 0.11416666666666668 
0 0.851875 0.2916666666666667 0.07375 0.09666666666666668 
0 0.8150000000000001 0.5108333333333334 0.07625 0.10833333333333334 
0 0.9031250000000001 0.5275000000000001 0.07625 0.095 
0 0.1078125 0.5891666666666667 0.051875000000000004 0.17500000000000002 
0 0.5028125 0.3866666666666667 0.059375000000000004 0.14166666666666666 
0 0.6028125 0.84125 0.088125 0.11583333333333334 
0 0.948125 0.06166666666666667 0.06 0.12333333333333334 
0 0.8371875 0.38833333333333336 0.07187500000000001 0.09000000000000001 
0 0.030625 0.21375000000000002 0.05375 0.10416666666666667 
0 0.6853125 0.4716666666666667 0.08687500000000001 0.06666666666666667 
0 0.6809375 0.8391666666666667 0.064375 0.10166666666666667 
0 0.516875 0.5420833333333334 0.065 0.0975 
0 0.440625 0.655 0.06875 0.10333333333333335 
4 0.469375 0.5083333333333334 0.06 0.1 
0 0.030625 0.09416666666666668 0.058750000000000004 0.09666666666666668 
0 0.5834375 0.10208333333333335 0.055625 0.10083333333333334 
0 0.8728125 0.3433333333333334 0.076875 0.09333333333333334 
0 0.655 0.8029166666666667 0.0675 0.10083333333333334 
0 0.2234375 0.6683333333333333 0.073125 0.09166666666666667 
0 0.9628125000000001 0.7612500000000001 0.074375 0.08750000000000001 
0 0.888125 0.7475 0.07875 0.12833333333333335 
